(kicad_pcb (version 20191123) (host pcbnew "(5.99.0-417-g8bd2765f3)")

  (general
    (thickness 1.6)
    (drawings 9)
    (tracks 116)
    (modules 17)
    (nets 14)
  )

  (page "A4")
  (layers
    (0 "F.Cu" signal)
    (31 "B.Cu" signal)
    (32 "B.Adhes" user hide)
    (33 "F.Adhes" user hide)
    (34 "B.Paste" user hide)
    (35 "F.Paste" user hide)
    (36 "B.SilkS" user)
    (37 "F.SilkS" user)
    (38 "B.Mask" user)
    (39 "F.Mask" user)
    (40 "Dwgs.User" user hide)
    (41 "Cmts.User" user)
    (42 "Eco1.User" user hide)
    (43 "Eco2.User" user hide)
    (44 "Edge.Cuts" user)
    (45 "Margin" user hide)
    (46 "B.CrtYd" user hide)
    (47 "F.CrtYd" user hide)
    (48 "B.Fab" user)
    (49 "F.Fab" user hide)
  )

  (setup
    (last_trace_width 0.2)
    (user_trace_width 0.2)
    (user_trace_width 0.25)
    (user_trace_width 0.5)
    (trace_clearance 0.2)
    (zone_clearance 0.2)
    (zone_45_only no)
    (trace_min 0.2)
    (via_size 0.6)
    (via_drill 0.3)
    (via_min_size 0.4)
    (via_min_drill 0.3)
    (uvia_size 0.3)
    (uvia_drill 0.1)
    (uvias_allowed no)
    (uvia_min_size 0.2)
    (uvia_min_drill 0.1)
    (max_error 0.005)
    (defaults
      (edge_clearance 0.01)
      (edge_cuts_line_width 0.05)
      (courtyard_line_width 0.05)
      (copper_line_width 0.2)
      (copper_text_dims (size 1.5 1.5) (thickness 0.3))
      (silk_line_width 0.12)
      (silk_text_dims (size 1 1) (thickness 0.15))
      (other_layers_line_width 0.1)
      (other_layers_text_dims (size 1 1) (thickness 0.15))
    )
    (pad_size 1 1)
    (pad_drill 0.45)
    (pad_to_mask_clearance 0)
    (aux_axis_origin 0 0)
    (visible_elements 7FFFFFFF)
    (pcbplotparams
      (layerselection 0x010f0_ffffffff)
      (usegerberextensions false)
      (usegerberattributes false)
      (usegerberadvancedattributes false)
      (creategerberjobfile false)
      (excludeedgelayer true)
      (linewidth 0.100000)
      (plotframeref false)
      (viasonmask false)
      (mode 1)
      (useauxorigin false)
      (hpglpennumber 1)
      (hpglpenspeed 20)
      (hpglpendiameter 15.000000)
      (psnegative false)
      (psa4output false)
      (plotreference true)
      (plotvalue false)
      (plotinvisibletext false)
      (padsonsilk true)
      (subtractmaskfromsilk false)
      (outputformat 1)
      (mirror false)
      (drillshape 0)
      (scaleselection 1)
      (outputdirectory "../manufacturing/gerber/")
    )
  )

  (net 0 "")
  (net 1 "GND")
  (net 2 "+5V")
  (net 3 "VDDA")
  (net 4 "-5V")
  (net 5 "VSSA")
  (net 6 "Net-(C8-Pad2)")
  (net 7 "Net-(C8-Pad1)")
  (net 8 "Net-(C17-Pad2)")
  (net 9 "Net-(R8-Pad1)")
  (net 10 "Net-(C5-Pad2)")
  (net 11 "/BIAS")
  (net 12 "Net-(J3-Pad4)")
  (net 13 "Net-(C6-Pad1)")

  (net_class "Default" "This is the default net class."
    (clearance 0.2)
    (trace_width 0.2)
    (via_dia 0.6)
    (via_drill 0.3)
    (uvia_dia 0.3)
    (uvia_drill 0.1)
    (add_net "+5V")
    (add_net "-5V")
    (add_net "/BIAS")
    (add_net "GND")
    (add_net "Net-(C17-Pad2)")
    (add_net "Net-(C5-Pad2)")
    (add_net "Net-(C6-Pad1)")
    (add_net "Net-(C8-Pad1)")
    (add_net "Net-(C8-Pad2)")
    (add_net "Net-(J3-Pad4)")
    (add_net "Net-(R8-Pad1)")
    (add_net "VDDA")
    (add_net "VSSA")
  )

  (module "footprints:C_0603_1608Metric" (layer "F.Cu") (tedit 5C265307) (tstamp 5F1673EF)
    (at 200.95 96.7 180)
    (descr "Capacitor SMD 0603 (1608 Metric), square (rectangular) end terminal, IPC_7351 nominal, (Body size source: http://www.tortai-tech.com/upload/download/2011102023233369053.pdf), generated with kicad-footprint-generator")
    (tags "capacitor")
    (path "/5F16822A")
    (attr smd)
    (fp_text reference "C6" (at -0.6375 1.475 180) (layer "F.SilkS")
      (effects (font (size 0.6 0.6) (thickness 0.1)))
    )
    (fp_text value "22u" (at 0 1.43) (layer "F.Fab")
      (effects (font (size 0.6 0.6) (thickness 0.1)))
    )
    (fp_line (start -0.8 0.4) (end -0.8 -0.4) (layer "F.Fab") (width 0.1))
    (fp_line (start -0.8 -0.4) (end 0.8 -0.4) (layer "F.Fab") (width 0.1))
    (fp_line (start 0.8 -0.4) (end 0.8 0.4) (layer "F.Fab") (width 0.1))
    (fp_line (start 0.8 0.4) (end -0.8 0.4) (layer "F.Fab") (width 0.1))
    (fp_line (start -0.162779 -0.51) (end 0.162779 -0.51) (layer "F.SilkS") (width 0.12))
    (fp_line (start -0.162779 0.51) (end 0.162779 0.51) (layer "F.SilkS") (width 0.12))
    (fp_line (start -1.48 0.73) (end -1.48 -0.73) (layer "F.CrtYd") (width 0.05))
    (fp_line (start -1.48 -0.73) (end 1.48 -0.73) (layer "F.CrtYd") (width 0.05))
    (fp_line (start 1.48 -0.73) (end 1.48 0.73) (layer "F.CrtYd") (width 0.05))
    (fp_line (start 1.48 0.73) (end -1.48 0.73) (layer "F.CrtYd") (width 0.05))
    (fp_text user "%R" (at 0 0) (layer "F.Fab")
      (effects (font (size 0.4 0.4) (thickness 0.06)))
    )
    (pad "2" smd roundrect (at 0.7875 0 180) (size 0.875 0.95) (layers "F.Cu" "F.Paste" "F.Mask") (roundrect_rratio 0.25)
      (net 1 "GND"))
    (pad "1" smd roundrect (at -0.7875 0 180) (size 0.875 0.95) (layers "F.Cu" "F.Paste" "F.Mask") (roundrect_rratio 0.25)
      (net 13 "Net-(C6-Pad1)"))
    (model "${KIPRJMOD}/step/C_0603_1608Metric.step"
      (at (xyz 0 0 0))
      (scale (xyz 1 1 1))
      (rotate (xyz 0 0 0))
    )
  )

  (module "footprints:R_0603_1608Metric" (layer "F.Cu") (tedit 5C2652F1) (tstamp 5F16675F)
    (at 204.35 95.9 180)
    (descr "Resistor SMD 0603 (1608 Metric), square (rectangular) end terminal, IPC_7351 nominal, (Body size source: http://www.tortai-tech.com/upload/download/2011102023233369053.pdf), generated with kicad-footprint-generator")
    (tags "resistor")
    (path "/5F16A8D2")
    (attr smd)
    (fp_text reference "R1" (at -0.1 0.95) (layer "F.SilkS")
      (effects (font (size 0.6 0.6) (thickness 0.1)))
    )
    (fp_text value ".5" (at 0 1.43) (layer "F.Fab")
      (effects (font (size 1 1) (thickness 0.15)))
    )
    (fp_line (start -0.8 0.4) (end -0.8 -0.4) (layer "F.Fab") (width 0.1))
    (fp_line (start -0.8 -0.4) (end 0.8 -0.4) (layer "F.Fab") (width 0.1))
    (fp_line (start 0.8 -0.4) (end 0.8 0.4) (layer "F.Fab") (width 0.1))
    (fp_line (start 0.8 0.4) (end -0.8 0.4) (layer "F.Fab") (width 0.1))
    (fp_line (start -0.162779 -0.51) (end 0.162779 -0.51) (layer "F.SilkS") (width 0.12))
    (fp_line (start -0.162779 0.51) (end 0.162779 0.51) (layer "F.SilkS") (width 0.12))
    (fp_line (start -1.48 0.73) (end -1.48 -0.73) (layer "F.CrtYd") (width 0.05))
    (fp_line (start -1.48 -0.73) (end 1.48 -0.73) (layer "F.CrtYd") (width 0.05))
    (fp_line (start 1.48 -0.73) (end 1.48 0.73) (layer "F.CrtYd") (width 0.05))
    (fp_line (start 1.48 0.73) (end -1.48 0.73) (layer "F.CrtYd") (width 0.05))
    (fp_text user "%R" (at 0 0) (layer "F.Fab")
      (effects (font (size 0.4 0.4) (thickness 0.06)))
    )
    (pad "1" smd roundrect (at -0.7875 0 180) (size 0.875 0.95) (layers "F.Cu" "F.Paste" "F.Mask") (roundrect_rratio 0.25)
      (net 5 "VSSA"))
    (pad "2" smd roundrect (at 0.7875 0 180) (size 0.875 0.95) (layers "F.Cu" "F.Paste" "F.Mask") (roundrect_rratio 0.25)
      (net 13 "Net-(C6-Pad1)"))
    (model "${KIPRJMOD}/step/R_0603_1608Metric.step"
      (at (xyz 0 0 0))
      (scale (xyz 1 1 1))
      (rotate (xyz 0 0 0))
    )
  )

  (module "footprints:L_0603_1608Metric" (layer "F.Cu") (tedit 5DB9F043) (tstamp 5F16674E)
    (at 204.25 98.1 180)
    (descr "Inductor SMD 0603 (1608 Metric), square (rectangular) end terminal, IPC_7351 nominal, (Body size source: http://www.tortai-tech.com/upload/download/2011102023233369053.pdf), generated with kicad-footprint-generator")
    (tags "inductor")
    (path "/5DBFEF84")
    (attr smd)
    (fp_text reference "L1" (at -0.1 1.2) (layer "F.SilkS")
      (effects (font (size 0.5 0.5) (thickness 0.1)))
    )
    (fp_text value "1uH" (at 0 1.43) (layer "F.Fab")
      (effects (font (size 1 1) (thickness 0.15)))
    )
    (fp_line (start -0.8 0.4) (end -0.8 -0.4) (layer "F.Fab") (width 0.1))
    (fp_line (start -0.8 -0.4) (end 0.8 -0.4) (layer "F.Fab") (width 0.1))
    (fp_line (start 0.8 -0.4) (end 0.8 0.4) (layer "F.Fab") (width 0.1))
    (fp_line (start 0.8 0.4) (end -0.8 0.4) (layer "F.Fab") (width 0.1))
    (fp_line (start -0.162779 -0.51) (end 0.162779 -0.51) (layer "F.SilkS") (width 0.12))
    (fp_line (start -0.162779 0.51) (end 0.162779 0.51) (layer "F.SilkS") (width 0.12))
    (fp_line (start -1.48 0.73) (end -1.48 -0.73) (layer "F.CrtYd") (width 0.05))
    (fp_line (start -1.48 -0.73) (end 1.48 -0.73) (layer "F.CrtYd") (width 0.05))
    (fp_line (start 1.48 -0.73) (end 1.48 0.73) (layer "F.CrtYd") (width 0.05))
    (fp_line (start 1.48 0.73) (end -1.48 0.73) (layer "F.CrtYd") (width 0.05))
    (fp_text user "%R" (at 0 0) (layer "F.Fab")
      (effects (font (size 0.4 0.4) (thickness 0.06)))
    )
    (pad "2" smd roundrect (at 0.7875 0 180) (size 0.875 0.95) (layers "F.Cu" "F.Paste" "F.Mask") (roundrect_rratio 0.25)
      (net 10 "Net-(C5-Pad2)"))
    (pad "1" smd roundrect (at -0.7875 0 180) (size 0.875 0.95) (layers "F.Cu" "F.Paste" "F.Mask") (roundrect_rratio 0.25)
      (net 5 "VSSA"))
    (model "${KIPRJMOD}/step/L_0603_1608Metric.step"
      (at (xyz 0 0 0))
      (scale (xyz 1 1 1))
      (rotate (xyz 0 0 0))
    )
  )

  (module "footprints:C_0603_1608Metric" (layer "F.Cu") (tedit 5C265307) (tstamp 5F166697)
    (at 205.1 100.95 -90)
    (descr "Capacitor SMD 0603 (1608 Metric), square (rectangular) end terminal, IPC_7351 nominal, (Body size source: http://www.tortai-tech.com/upload/download/2011102023233369053.pdf), generated with kicad-footprint-generator")
    (tags "capacitor")
    (path "/5F167BF0")
    (attr smd)
    (fp_text reference "C4" (at -0.6375 1.475 -90) (layer "F.SilkS")
      (effects (font (size 0.6 0.6) (thickness 0.1)))
    )
    (fp_text value "22u" (at 0 1.43 90) (layer "F.Fab")
      (effects (font (size 0.6 0.6) (thickness 0.1)))
    )
    (fp_text user "%R" (at 0 0 90) (layer "F.Fab")
      (effects (font (size 0.4 0.4) (thickness 0.06)))
    )
    (fp_line (start 1.48 0.73) (end -1.48 0.73) (layer "F.CrtYd") (width 0.05))
    (fp_line (start 1.48 -0.73) (end 1.48 0.73) (layer "F.CrtYd") (width 0.05))
    (fp_line (start -1.48 -0.73) (end 1.48 -0.73) (layer "F.CrtYd") (width 0.05))
    (fp_line (start -1.48 0.73) (end -1.48 -0.73) (layer "F.CrtYd") (width 0.05))
    (fp_line (start -0.162779 0.51) (end 0.162779 0.51) (layer "F.SilkS") (width 0.12))
    (fp_line (start -0.162779 -0.51) (end 0.162779 -0.51) (layer "F.SilkS") (width 0.12))
    (fp_line (start 0.8 0.4) (end -0.8 0.4) (layer "F.Fab") (width 0.1))
    (fp_line (start 0.8 -0.4) (end 0.8 0.4) (layer "F.Fab") (width 0.1))
    (fp_line (start -0.8 -0.4) (end 0.8 -0.4) (layer "F.Fab") (width 0.1))
    (fp_line (start -0.8 0.4) (end -0.8 -0.4) (layer "F.Fab") (width 0.1))
    (pad "2" smd roundrect (at 0.7875 0 270) (size 0.875 0.95) (layers "F.Cu" "F.Paste" "F.Mask") (roundrect_rratio 0.25)
      (net 1 "GND"))
    (pad "1" smd roundrect (at -0.7875 0 270) (size 0.875 0.95) (layers "F.Cu" "F.Paste" "F.Mask") (roundrect_rratio 0.25)
      (net 5 "VSSA"))
    (model "${KIPRJMOD}/step/C_0603_1608Metric.step"
      (at (xyz 0 0 0))
      (scale (xyz 1 1 1))
      (rotate (xyz 0 0 0))
    )
  )

  (module "footprints:TPS79333DBVR" (layer "F.Cu") (tedit 5DBAFB6B) (tstamp 5F1659AA)
    (at 199.76735 106.849999)
    (path "/5B205A8D")
    (fp_text reference "U5" (at 0 0) (layer "F.SilkS") hide
      (effects (font (size 1 1) (thickness 0.15)))
    )
    (fp_text value "TPS79333DBVR" (at 0 0) (layer "F.SilkS") hide
      (effects (font (size 1 1) (thickness 0.15)))
    )
    (fp_text user "Copyright 2016 Accelerated Designs. All rights reserved." (at 0 0) (layer "Cmts.User")
      (effects (font (size 0.127 0.127) (thickness 0.002)))
    )
    (fp_line (start 1.0033 0.337861) (end 1.0033 -0.337861) (layer "F.SilkS") (width 0.1524))
    (fp_line (start -0.45 -1.6) (end -1.8 -1.6) (layer "F.SilkS") (width 0.1524))
    (fp_line (start -0.8763 1.524) (end 0.8763 1.524) (layer "F.Fab") (width 0.1524))
    (fp_line (start 0.8763 1.524) (end 0.8763 -1.524) (layer "F.Fab") (width 0.1524))
    (fp_line (start 0.8763 -1.524) (end -0.8763 -1.524) (layer "F.Fab") (width 0.1524))
    (fp_line (start -0.8763 -1.524) (end -0.8763 1.524) (layer "F.Fab") (width 0.1524))
    (fp_line (start -0.8763 -0.696) (end -0.8763 -1.204) (layer "F.Fab") (width 0.1524))
    (fp_line (start -0.8763 -1.204) (end -1.4986 -1.204) (layer "F.Fab") (width 0.1524))
    (fp_line (start -1.4986 -1.204) (end -1.4986 -0.696) (layer "F.Fab") (width 0.1524))
    (fp_line (start -1.4986 -0.696) (end -0.8763 -0.696) (layer "F.Fab") (width 0.1524))
    (fp_line (start -0.8763 0.254) (end -0.8763 -0.254) (layer "F.Fab") (width 0.1524))
    (fp_line (start -0.8763 -0.254) (end -1.4986 -0.254) (layer "F.Fab") (width 0.1524))
    (fp_line (start -1.4986 -0.254) (end -1.4986 0.254) (layer "F.Fab") (width 0.1524))
    (fp_line (start -1.4986 0.254) (end -0.8763 0.254) (layer "F.Fab") (width 0.1524))
    (fp_line (start -0.8763 1.204) (end -0.8763 0.696) (layer "F.Fab") (width 0.1524))
    (fp_line (start -0.8763 0.696) (end -1.4986 0.696) (layer "F.Fab") (width 0.1524))
    (fp_line (start -1.4986 0.696) (end -1.4986 1.204) (layer "F.Fab") (width 0.1524))
    (fp_line (start -1.4986 1.204) (end -0.8763 1.204) (layer "F.Fab") (width 0.1524))
    (fp_line (start 0.8763 0.696) (end 0.8763 1.204) (layer "F.Fab") (width 0.1524))
    (fp_line (start 0.8763 1.204) (end 1.4986 1.204) (layer "F.Fab") (width 0.1524))
    (fp_line (start 1.4986 1.204) (end 1.4986 0.696) (layer "F.Fab") (width 0.1524))
    (fp_line (start 1.4986 0.696) (end 0.8763 0.696) (layer "F.Fab") (width 0.1524))
    (fp_line (start 0.8763 -1.204) (end 0.8763 -0.696) (layer "F.Fab") (width 0.1524))
    (fp_line (start 0.8763 -0.696) (end 1.4986 -0.696) (layer "F.Fab") (width 0.1524))
    (fp_line (start 1.4986 -0.696) (end 1.4986 -1.204) (layer "F.Fab") (width 0.1524))
    (fp_line (start 1.4986 -1.204) (end 0.8763 -1.204) (layer "F.Fab") (width 0.1524))
    (fp_line (start -1.1303 1.778) (end -1.1303 1.4834) (layer "F.CrtYd") (width 0.1524))
    (fp_line (start -1.1303 1.4834) (end -2.1082 1.4834) (layer "F.CrtYd") (width 0.1524))
    (fp_line (start -2.1082 1.4834) (end -2.1082 -1.4834) (layer "F.CrtYd") (width 0.1524))
    (fp_line (start -2.1082 -1.4834) (end -1.1303 -1.4834) (layer "F.CrtYd") (width 0.1524))
    (fp_line (start -1.1303 -1.4834) (end -1.1303 -1.778) (layer "F.CrtYd") (width 0.1524))
    (fp_line (start -1.1303 -1.778) (end 1.1303 -1.778) (layer "F.CrtYd") (width 0.1524))
    (fp_line (start 1.1303 -1.778) (end 1.1303 -1.4834) (layer "F.CrtYd") (width 0.1524))
    (fp_line (start 1.1303 -1.4834) (end 2.1082 -1.4834) (layer "F.CrtYd") (width 0.1524))
    (fp_line (start 2.1082 -1.4834) (end 2.1082 1.4834) (layer "F.CrtYd") (width 0.1524))
    (fp_line (start 2.1082 1.4834) (end 1.1303 1.4834) (layer "F.CrtYd") (width 0.1524))
    (fp_line (start 1.1303 1.4834) (end 1.1303 1.778) (layer "F.CrtYd") (width 0.1524))
    (fp_line (start 1.1303 1.778) (end -1.1303 1.778) (layer "F.CrtYd") (width 0.1524))
    (fp_arc (start 0 -1.524) (end 0.3048 -1.524) (angle 180) (layer "F.Fab") (width 0.1524))
    (pad "5" smd rect (at 1.1176 -0.950001) (size 1.4732 0.5588) (layers "F.Cu" "F.Paste" "F.Mask")
      (net 3 "VDDA"))
    (pad "4" smd rect (at 1.1176 0.950001) (size 1.4732 0.5588) (layers "F.Cu" "F.Paste" "F.Mask")
      (net 8 "Net-(C17-Pad2)"))
    (pad "3" smd rect (at -1.1176 0.950001) (size 1.4732 0.5588) (layers "F.Cu" "F.Paste" "F.Mask")
      (net 2 "+5V"))
    (pad "2" smd rect (at -1.1176 0) (size 1.4732 0.5588) (layers "F.Cu" "F.Paste" "F.Mask")
      (net 1 "GND"))
    (pad "1" smd rect (at -1.1176 -0.950001) (size 1.4732 0.5588) (layers "F.Cu" "F.Paste" "F.Mask")
      (net 2 "+5V"))
    (model "${KIPRJMOD}/step/DBV5.step"
      (at (xyz 0 0 0))
      (scale (xyz 1 1 1))
      (rotate (xyz 0 0 0))
    )
  )

  (module "footprints:LM2776DBVR" (layer "F.Cu") (tedit 5DBAFB36) (tstamp 5F165BC9)
    (at 193.85 98.399999 180)
    (path "/5B259C2E")
    (fp_text reference "U1" (at 0 0) (layer "F.SilkS") hide
      (effects (font (size 1 1) (thickness 0.15)))
    )
    (fp_text value "LM2776" (at 0 0) (layer "F.SilkS") hide
      (effects (font (size 1 1) (thickness 0.15)))
    )
    (fp_text user "*" (at 0 0) (layer "F.Fab")
      (effects (font (size 1 1) (thickness 0.15)))
    )
    (fp_circle (center -0.5461 -0.95) (end -0.4699 -0.95) (layer "F.Fab") (width 0.1524))
    (fp_arc (start 0 -1.4478) (end 0.3048 -1.4478) (angle 180) (layer "F.Fab") (width 0.1524))
    (fp_line (start -1.0541 1.5088) (end -2.1247 1.5088) (layer "F.CrtYd") (width 0.1524))
    (fp_line (start -1.0541 1.7018) (end -1.0541 1.5088) (layer "F.CrtYd") (width 0.1524))
    (fp_line (start 1.0541 1.7018) (end -1.0541 1.7018) (layer "F.CrtYd") (width 0.1524))
    (fp_line (start 1.0541 1.5088) (end 1.0541 1.7018) (layer "F.CrtYd") (width 0.1524))
    (fp_line (start 2.1247 1.5088) (end 1.0541 1.5088) (layer "F.CrtYd") (width 0.1524))
    (fp_line (start 2.1247 -1.5088) (end 2.1247 1.5088) (layer "F.CrtYd") (width 0.1524))
    (fp_line (start 1.0541 -1.5088) (end 2.1247 -1.5088) (layer "F.CrtYd") (width 0.1524))
    (fp_line (start 1.0541 -1.7018) (end 1.0541 -1.5088) (layer "F.CrtYd") (width 0.1524))
    (fp_line (start -1.0541 -1.7018) (end 1.0541 -1.7018) (layer "F.CrtYd") (width 0.1524))
    (fp_line (start -1.0541 -1.5088) (end -1.0541 -1.7018) (layer "F.CrtYd") (width 0.1524))
    (fp_line (start -2.1247 -1.5088) (end -1.0541 -1.5088) (layer "F.CrtYd") (width 0.1524))
    (fp_line (start -2.1247 1.5088) (end -2.1247 -1.5088) (layer "F.CrtYd") (width 0.1524))
    (fp_line (start -0.8001 -1.4478) (end -0.8001 1.4478) (layer "F.Fab") (width 0.1524))
    (fp_line (start 0.8001 -1.4478) (end -0.8001 -1.4478) (layer "F.Fab") (width 0.1524))
    (fp_line (start 0.8001 1.4478) (end 0.8001 -1.4478) (layer "F.Fab") (width 0.1524))
    (fp_line (start -0.8001 1.4478) (end 0.8001 1.4478) (layer "F.Fab") (width 0.1524))
    (fp_line (start -0.83 -1.56) (end -1.826212 -1.56) (layer "F.SilkS") (width 0.1524))
    (fp_text user "Copyright 2016 Accelerated Designs. All rights reserved." (at 0 0) (layer "Cmts.User")
      (effects (font (size 0.127 0.127) (thickness 0.002)))
    )
    (pad "1" smd rect (at -1.35 -0.950001 180) (size 1.0414 0.6096) (layers "F.Cu" "F.Paste" "F.Mask")
      (net 4 "-5V"))
    (pad "2" smd rect (at -1.35 0 180) (size 1.0414 0.6096) (layers "F.Cu" "F.Paste" "F.Mask")
      (net 1 "GND"))
    (pad "3" smd rect (at -1.35 0.950001 180) (size 1.0414 0.6096) (layers "F.Cu" "F.Paste" "F.Mask")
      (net 2 "+5V"))
    (pad "4" smd rect (at 1.35 0.950001 180) (size 1.0414 0.6096) (layers "F.Cu" "F.Paste" "F.Mask")
      (net 2 "+5V"))
    (pad "5" smd rect (at 1.35 0 180) (size 1.0414 0.6096) (layers "F.Cu" "F.Paste" "F.Mask")
      (net 6 "Net-(C8-Pad2)"))
    (pad "6" smd rect (at 1.35 -0.950001 180) (size 1.0414 0.6096) (layers "F.Cu" "F.Paste" "F.Mask")
      (net 7 "Net-(C8-Pad1)"))
    (model "${KIPRJMOD}/step/DBV6.step"
      (at (xyz 0 0 0))
      (scale (xyz 1 1 1))
      (rotate (xyz 0 0 0))
    )
  )

  (module "footprints:TPS72301DBVR" (layer "F.Cu") (tedit 5DBAFB1A) (tstamp 5F165C66)
    (at 200.3 100.7125)
    (path "/5B28BACE")
    (fp_text reference "U3" (at 0 0) (layer "F.SilkS") hide
      (effects (font (size 1 1) (thickness 0.15)))
    )
    (fp_text value "TPS72301DBVR" (at 0 0) (layer "F.SilkS") hide
      (effects (font (size 1 1) (thickness 0.15)))
    )
    (fp_text user "*" (at -0.6223 -1.6866) (layer "F.Fab")
      (effects (font (size 1 1) (thickness 0.15)))
    )
    (fp_line (start 1.0033 0.337861) (end 1.0033 -0.337861) (layer "F.SilkS") (width 0.1524))
    (fp_line (start -0.41 -1.65) (end -1.81 -1.65) (layer "F.SilkS") (width 0.1524))
    (fp_line (start -0.8763 1.524) (end 0.8763 1.524) (layer "F.Fab") (width 0.1524))
    (fp_line (start 0.8763 1.524) (end 0.8763 -1.524) (layer "F.Fab") (width 0.1524))
    (fp_line (start 0.8763 -1.524) (end -0.8763 -1.524) (layer "F.Fab") (width 0.1524))
    (fp_line (start -0.8763 -1.524) (end -0.8763 1.524) (layer "F.Fab") (width 0.1524))
    (fp_line (start -0.8763 -0.696) (end -0.8763 -1.204) (layer "F.Fab") (width 0.1524))
    (fp_line (start -0.8763 -1.204) (end -1.4986 -1.204) (layer "F.Fab") (width 0.1524))
    (fp_line (start -1.4986 -1.204) (end -1.4986 -0.696) (layer "F.Fab") (width 0.1524))
    (fp_line (start -1.4986 -0.696) (end -0.8763 -0.696) (layer "F.Fab") (width 0.1524))
    (fp_line (start -0.8763 0.254) (end -0.8763 -0.254) (layer "F.Fab") (width 0.1524))
    (fp_line (start -0.8763 -0.254) (end -1.4986 -0.254) (layer "F.Fab") (width 0.1524))
    (fp_line (start -1.4986 -0.254) (end -1.4986 0.254) (layer "F.Fab") (width 0.1524))
    (fp_line (start -1.4986 0.254) (end -0.8763 0.254) (layer "F.Fab") (width 0.1524))
    (fp_line (start -0.8763 1.204) (end -0.8763 0.696) (layer "F.Fab") (width 0.1524))
    (fp_line (start -0.8763 0.696) (end -1.4986 0.696) (layer "F.Fab") (width 0.1524))
    (fp_line (start -1.4986 0.696) (end -1.4986 1.204) (layer "F.Fab") (width 0.1524))
    (fp_line (start -1.4986 1.204) (end -0.8763 1.204) (layer "F.Fab") (width 0.1524))
    (fp_line (start 0.8763 0.696) (end 0.8763 1.204) (layer "F.Fab") (width 0.1524))
    (fp_line (start 0.8763 1.204) (end 1.4986 1.204) (layer "F.Fab") (width 0.1524))
    (fp_line (start 1.4986 1.204) (end 1.4986 0.696) (layer "F.Fab") (width 0.1524))
    (fp_line (start 1.4986 0.696) (end 0.8763 0.696) (layer "F.Fab") (width 0.1524))
    (fp_line (start 0.8763 -1.204) (end 0.8763 -0.696) (layer "F.Fab") (width 0.1524))
    (fp_line (start 0.8763 -0.696) (end 1.4986 -0.696) (layer "F.Fab") (width 0.1524))
    (fp_line (start 1.4986 -0.696) (end 1.4986 -1.204) (layer "F.Fab") (width 0.1524))
    (fp_line (start 1.4986 -1.204) (end 0.8763 -1.204) (layer "F.Fab") (width 0.1524))
    (fp_line (start -1.1303 1.778) (end -1.1303 1.4834) (layer "F.CrtYd") (width 0.1524))
    (fp_line (start -1.1303 1.4834) (end -2.1082 1.4834) (layer "F.CrtYd") (width 0.1524))
    (fp_line (start -2.1082 1.4834) (end -2.1082 -1.4834) (layer "F.CrtYd") (width 0.1524))
    (fp_line (start -2.1082 -1.4834) (end -1.1303 -1.4834) (layer "F.CrtYd") (width 0.1524))
    (fp_line (start -1.1303 -1.4834) (end -1.1303 -1.778) (layer "F.CrtYd") (width 0.1524))
    (fp_line (start -1.1303 -1.778) (end 1.1303 -1.778) (layer "F.CrtYd") (width 0.1524))
    (fp_line (start 1.1303 -1.778) (end 1.1303 -1.4834) (layer "F.CrtYd") (width 0.1524))
    (fp_line (start 1.1303 -1.4834) (end 2.1082 -1.4834) (layer "F.CrtYd") (width 0.1524))
    (fp_line (start 2.1082 -1.4834) (end 2.1082 1.4834) (layer "F.CrtYd") (width 0.1524))
    (fp_line (start 2.1082 1.4834) (end 1.1303 1.4834) (layer "F.CrtYd") (width 0.1524))
    (fp_line (start 1.1303 1.4834) (end 1.1303 1.778) (layer "F.CrtYd") (width 0.1524))
    (fp_line (start 1.1303 1.778) (end -1.1303 1.778) (layer "F.CrtYd") (width 0.1524))
    (fp_arc (start 0 -1.524) (end 0.3048 -1.524) (angle 180) (layer "F.Fab") (width 0.1524))
    (pad "5" smd rect (at 1.1176 -0.950001) (size 1.4732 0.5588) (layers "F.Cu" "F.Paste" "F.Mask")
      (net 10 "Net-(C5-Pad2)"))
    (pad "4" smd rect (at 1.1176 0.950001) (size 1.4732 0.5588) (layers "F.Cu" "F.Paste" "F.Mask")
      (net 9 "Net-(R8-Pad1)"))
    (pad "3" smd rect (at -1.1176 0.950001) (size 1.4732 0.5588) (layers "F.Cu" "F.Paste" "F.Mask")
      (net 4 "-5V"))
    (pad "2" smd rect (at -1.1176 0) (size 1.4732 0.5588) (layers "F.Cu" "F.Paste" "F.Mask")
      (net 4 "-5V"))
    (pad "1" smd rect (at -1.1176 -0.950001) (size 1.4732 0.5588) (layers "F.Cu" "F.Paste" "F.Mask")
      (net 1 "GND"))
    (model "${KIPRJMOD}/step/DBV5.step"
      (at (xyz 0 0 0))
      (scale (xyz 1 1 1))
      (rotate (xyz 0 0 0))
    )
  )

  (module "footprints:R_0603_1608Metric" (layer "F.Cu") (tedit 5C2652F1) (tstamp 5F165B5B)
    (at 200.65 103.25)
    (descr "Resistor SMD 0603 (1608 Metric), square (rectangular) end terminal, IPC_7351 nominal, (Body size source: http://www.tortai-tech.com/upload/download/2011102023233369053.pdf), generated with kicad-footprint-generator")
    (tags "resistor")
    (path "/5B21B93F")
    (attr smd)
    (fp_text reference "R9" (at 0 -1.43) (layer "F.SilkS") hide
      (effects (font (size 0.6 0.6) (thickness 0.1)))
    )
    (fp_text value "36.5k" (at 0 1.43) (layer "F.Fab") hide
      (effects (font (size 1 1) (thickness 0.15)))
    )
    (fp_text user "%R" (at 0 0) (layer "F.Fab") hide
      (effects (font (size 0.4 0.4) (thickness 0.06)))
    )
    (fp_line (start 1.48 0.73) (end -1.48 0.73) (layer "F.CrtYd") (width 0.05))
    (fp_line (start 1.48 -0.73) (end 1.48 0.73) (layer "F.CrtYd") (width 0.05))
    (fp_line (start -1.48 -0.73) (end 1.48 -0.73) (layer "F.CrtYd") (width 0.05))
    (fp_line (start -1.48 0.73) (end -1.48 -0.73) (layer "F.CrtYd") (width 0.05))
    (fp_line (start -0.162779 0.51) (end 0.162779 0.51) (layer "F.SilkS") (width 0.12))
    (fp_line (start -0.162779 -0.51) (end 0.162779 -0.51) (layer "F.SilkS") (width 0.12))
    (fp_line (start 0.8 0.4) (end -0.8 0.4) (layer "F.Fab") (width 0.1))
    (fp_line (start 0.8 -0.4) (end 0.8 0.4) (layer "F.Fab") (width 0.1))
    (fp_line (start -0.8 -0.4) (end 0.8 -0.4) (layer "F.Fab") (width 0.1))
    (fp_line (start -0.8 0.4) (end -0.8 -0.4) (layer "F.Fab") (width 0.1))
    (pad "1" smd roundrect (at -0.7875 0) (size 0.875 0.95) (layers "F.Cu" "F.Paste" "F.Mask") (roundrect_rratio 0.25)
      (net 1 "GND"))
    (pad "2" smd roundrect (at 0.7875 0) (size 0.875 0.95) (layers "F.Cu" "F.Paste" "F.Mask") (roundrect_rratio 0.25)
      (net 9 "Net-(R8-Pad1)"))
    (model "${KIPRJMOD}/step/R_0603_1608Metric.step"
      (at (xyz 0 0 0))
      (scale (xyz 1 1 1))
      (rotate (xyz 0 0 0))
    )
  )

  (module "footprints:R_0603_1608Metric" (layer "F.Cu") (tedit 5C2652F1) (tstamp 5F165B8B)
    (at 203.4 100.95 90)
    (descr "Resistor SMD 0603 (1608 Metric), square (rectangular) end terminal, IPC_7351 nominal, (Body size source: http://www.tortai-tech.com/upload/download/2011102023233369053.pdf), generated with kicad-footprint-generator")
    (tags "resistor")
    (path "/5B21ABEC")
    (attr smd)
    (fp_text reference "R8" (at 0 -1.43 90) (layer "F.SilkS") hide
      (effects (font (size 0.6 0.6) (thickness 0.1)))
    )
    (fp_text value "64.9k" (at 0 1.43 90) (layer "F.Fab") hide
      (effects (font (size 1 1) (thickness 0.15)))
    )
    (fp_text user "%R" (at 0 0 90) (layer "F.Fab") hide
      (effects (font (size 0.4 0.4) (thickness 0.06)))
    )
    (fp_line (start 1.48 0.73) (end -1.48 0.73) (layer "F.CrtYd") (width 0.05))
    (fp_line (start 1.48 -0.73) (end 1.48 0.73) (layer "F.CrtYd") (width 0.05))
    (fp_line (start -1.48 -0.73) (end 1.48 -0.73) (layer "F.CrtYd") (width 0.05))
    (fp_line (start -1.48 0.73) (end -1.48 -0.73) (layer "F.CrtYd") (width 0.05))
    (fp_line (start -0.162779 0.51) (end 0.162779 0.51) (layer "F.SilkS") (width 0.12))
    (fp_line (start -0.162779 -0.51) (end 0.162779 -0.51) (layer "F.SilkS") (width 0.12))
    (fp_line (start 0.8 0.4) (end -0.8 0.4) (layer "F.Fab") (width 0.1))
    (fp_line (start 0.8 -0.4) (end 0.8 0.4) (layer "F.Fab") (width 0.1))
    (fp_line (start -0.8 -0.4) (end 0.8 -0.4) (layer "F.Fab") (width 0.1))
    (fp_line (start -0.8 0.4) (end -0.8 -0.4) (layer "F.Fab") (width 0.1))
    (pad "1" smd roundrect (at -0.7875 0 90) (size 0.875 0.95) (layers "F.Cu" "F.Paste" "F.Mask") (roundrect_rratio 0.25)
      (net 9 "Net-(R8-Pad1)"))
    (pad "2" smd roundrect (at 0.7875 0 90) (size 0.875 0.95) (layers "F.Cu" "F.Paste" "F.Mask") (roundrect_rratio 0.25)
      (net 10 "Net-(C5-Pad2)"))
    (model "${KIPRJMOD}/step/R_0603_1608Metric.step"
      (at (xyz 0 0 0))
      (scale (xyz 1 1 1))
      (rotate (xyz 0 0 0))
    )
  )

  (module "footprints:C_0603_1608Metric" (layer "F.Cu") (tedit 5C265307) (tstamp 5F16595A)
    (at 202.71735 108.649999 90)
    (descr "Capacitor SMD 0603 (1608 Metric), square (rectangular) end terminal, IPC_7351 nominal, (Body size source: http://www.tortai-tech.com/upload/download/2011102023233369053.pdf), generated with kicad-footprint-generator")
    (tags "capacitor")
    (path "/5B205F7B")
    (attr smd)
    (fp_text reference "C17" (at -0.6375 1.475 270) (layer "F.SilkS") hide
      (effects (font (size 0.6 0.6) (thickness 0.1)))
    )
    (fp_text value "10n" (at 0 1.43 90) (layer "F.Fab") hide
      (effects (font (size 0.6 0.6) (thickness 0.1)))
    )
    (fp_line (start -0.8 0.4) (end -0.8 -0.4) (layer "F.Fab") (width 0.1))
    (fp_line (start -0.8 -0.4) (end 0.8 -0.4) (layer "F.Fab") (width 0.1))
    (fp_line (start 0.8 -0.4) (end 0.8 0.4) (layer "F.Fab") (width 0.1))
    (fp_line (start 0.8 0.4) (end -0.8 0.4) (layer "F.Fab") (width 0.1))
    (fp_line (start -0.162779 -0.51) (end 0.162779 -0.51) (layer "F.SilkS") (width 0.12))
    (fp_line (start -0.162779 0.51) (end 0.162779 0.51) (layer "F.SilkS") (width 0.12))
    (fp_line (start -1.48 0.73) (end -1.48 -0.73) (layer "F.CrtYd") (width 0.05))
    (fp_line (start -1.48 -0.73) (end 1.48 -0.73) (layer "F.CrtYd") (width 0.05))
    (fp_line (start 1.48 -0.73) (end 1.48 0.73) (layer "F.CrtYd") (width 0.05))
    (fp_line (start 1.48 0.73) (end -1.48 0.73) (layer "F.CrtYd") (width 0.05))
    (fp_text user "%R" (at 0 0 90) (layer "F.Fab") hide
      (effects (font (size 0.4 0.4) (thickness 0.06)))
    )
    (pad "2" smd roundrect (at 0.7875 0 90) (size 0.875 0.95) (layers "F.Cu" "F.Paste" "F.Mask") (roundrect_rratio 0.25)
      (net 8 "Net-(C17-Pad2)"))
    (pad "1" smd roundrect (at -0.7875 0 90) (size 0.875 0.95) (layers "F.Cu" "F.Paste" "F.Mask") (roundrect_rratio 0.25)
      (net 1 "GND"))
    (model "${KIPRJMOD}/step/C_0603_1608Metric.step"
      (at (xyz 0 0 0))
      (scale (xyz 1 1 1))
      (rotate (xyz 0 0 0))
    )
  )

  (module "footprints:C_0603_1608Metric" (layer "F.Cu") (tedit 5C265307) (tstamp 5F165B2B)
    (at 196.977 99.695 -90)
    (descr "Capacitor SMD 0603 (1608 Metric), square (rectangular) end terminal, IPC_7351 nominal, (Body size source: http://www.tortai-tech.com/upload/download/2011102023233369053.pdf), generated with kicad-footprint-generator")
    (tags "capacitor")
    (path "/5B25BECC")
    (attr smd)
    (fp_text reference "C15" (at -0.6375 1.475 -90) (layer "F.SilkS") hide
      (effects (font (size 0.6 0.6) (thickness 0.1)))
    )
    (fp_text value "22u" (at 0 1.43 90) (layer "F.Fab") hide
      (effects (font (size 0.6 0.6) (thickness 0.1)))
    )
    (fp_line (start -0.8 0.4) (end -0.8 -0.4) (layer "F.Fab") (width 0.1))
    (fp_line (start -0.8 -0.4) (end 0.8 -0.4) (layer "F.Fab") (width 0.1))
    (fp_line (start 0.8 -0.4) (end 0.8 0.4) (layer "F.Fab") (width 0.1))
    (fp_line (start 0.8 0.4) (end -0.8 0.4) (layer "F.Fab") (width 0.1))
    (fp_line (start -0.162779 -0.51) (end 0.162779 -0.51) (layer "F.SilkS") (width 0.12))
    (fp_line (start -0.162779 0.51) (end 0.162779 0.51) (layer "F.SilkS") (width 0.12))
    (fp_line (start -1.48 0.73) (end -1.48 -0.73) (layer "F.CrtYd") (width 0.05))
    (fp_line (start -1.48 -0.73) (end 1.48 -0.73) (layer "F.CrtYd") (width 0.05))
    (fp_line (start 1.48 -0.73) (end 1.48 0.73) (layer "F.CrtYd") (width 0.05))
    (fp_line (start 1.48 0.73) (end -1.48 0.73) (layer "F.CrtYd") (width 0.05))
    (fp_text user "%R" (at 0 0 90) (layer "F.Fab") hide
      (effects (font (size 0.4 0.4) (thickness 0.06)))
    )
    (pad "2" smd roundrect (at 0.7875 0 270) (size 0.875 0.95) (layers "F.Cu" "F.Paste" "F.Mask") (roundrect_rratio 0.25)
      (net 4 "-5V"))
    (pad "1" smd roundrect (at -0.7875 0 270) (size 0.875 0.95) (layers "F.Cu" "F.Paste" "F.Mask") (roundrect_rratio 0.25)
      (net 1 "GND"))
    (model "${KIPRJMOD}/step/C_0603_1608Metric.step"
      (at (xyz 0 0 0))
      (scale (xyz 1 1 1))
      (rotate (xyz 0 0 0))
    )
  )

  (module "footprints:C_0603_1608Metric" (layer "F.Cu") (tedit 5C265307) (tstamp 5F165AFB)
    (at 190.881 98.806 90)
    (descr "Capacitor SMD 0603 (1608 Metric), square (rectangular) end terminal, IPC_7351 nominal, (Body size source: http://www.tortai-tech.com/upload/download/2011102023233369053.pdf), generated with kicad-footprint-generator")
    (tags "capacitor")
    (path "/5B25DCDB")
    (attr smd)
    (fp_text reference "C8" (at -0.6375 1.475 -90) (layer "F.SilkS") hide
      (effects (font (size 0.6 0.6) (thickness 0.1)))
    )
    (fp_text value "1uF" (at 0 1.43 90) (layer "F.Fab") hide
      (effects (font (size 0.6 0.6) (thickness 0.1)))
    )
    (fp_line (start -0.8 0.4) (end -0.8 -0.4) (layer "F.Fab") (width 0.1))
    (fp_line (start -0.8 -0.4) (end 0.8 -0.4) (layer "F.Fab") (width 0.1))
    (fp_line (start 0.8 -0.4) (end 0.8 0.4) (layer "F.Fab") (width 0.1))
    (fp_line (start 0.8 0.4) (end -0.8 0.4) (layer "F.Fab") (width 0.1))
    (fp_line (start -0.162779 -0.51) (end 0.162779 -0.51) (layer "F.SilkS") (width 0.12))
    (fp_line (start -0.162779 0.51) (end 0.162779 0.51) (layer "F.SilkS") (width 0.12))
    (fp_line (start -1.48 0.73) (end -1.48 -0.73) (layer "F.CrtYd") (width 0.05))
    (fp_line (start -1.48 -0.73) (end 1.48 -0.73) (layer "F.CrtYd") (width 0.05))
    (fp_line (start 1.48 -0.73) (end 1.48 0.73) (layer "F.CrtYd") (width 0.05))
    (fp_line (start 1.48 0.73) (end -1.48 0.73) (layer "F.CrtYd") (width 0.05))
    (fp_text user "%R" (at 0 0 90) (layer "F.Fab") hide
      (effects (font (size 0.4 0.4) (thickness 0.06)))
    )
    (pad "2" smd roundrect (at 0.7875 0 90) (size 0.875 0.95) (layers "F.Cu" "F.Paste" "F.Mask") (roundrect_rratio 0.25)
      (net 6 "Net-(C8-Pad2)"))
    (pad "1" smd roundrect (at -0.7875 0 90) (size 0.875 0.95) (layers "F.Cu" "F.Paste" "F.Mask") (roundrect_rratio 0.25)
      (net 7 "Net-(C8-Pad1)"))
    (model "${KIPRJMOD}/step/C_0603_1608Metric.step"
      (at (xyz 0 0 0))
      (scale (xyz 1 1 1))
      (rotate (xyz 0 0 0))
    )
  )

  (module "footprints:C_0603_1608Metric" (layer "F.Cu") (tedit 5C265307) (tstamp 5F165C15)
    (at 200.914 98.425)
    (descr "Capacitor SMD 0603 (1608 Metric), square (rectangular) end terminal, IPC_7351 nominal, (Body size source: http://www.tortai-tech.com/upload/download/2011102023233369053.pdf), generated with kicad-footprint-generator")
    (tags "capacitor")
    (path "/5DBF5B3F")
    (attr smd)
    (fp_text reference "C5" (at -0.6375 1.475 -180) (layer "F.SilkS") hide
      (effects (font (size 0.6 0.6) (thickness 0.1)))
    )
    (fp_text value "22u" (at 0 1.43) (layer "F.Fab") hide
      (effects (font (size 0.6 0.6) (thickness 0.1)))
    )
    (fp_line (start -0.8 0.4) (end -0.8 -0.4) (layer "F.Fab") (width 0.1))
    (fp_line (start -0.8 -0.4) (end 0.8 -0.4) (layer "F.Fab") (width 0.1))
    (fp_line (start 0.8 -0.4) (end 0.8 0.4) (layer "F.Fab") (width 0.1))
    (fp_line (start 0.8 0.4) (end -0.8 0.4) (layer "F.Fab") (width 0.1))
    (fp_line (start -0.162779 -0.51) (end 0.162779 -0.51) (layer "F.SilkS") (width 0.12))
    (fp_line (start -0.162779 0.51) (end 0.162779 0.51) (layer "F.SilkS") (width 0.12))
    (fp_line (start -1.48 0.73) (end -1.48 -0.73) (layer "F.CrtYd") (width 0.05))
    (fp_line (start -1.48 -0.73) (end 1.48 -0.73) (layer "F.CrtYd") (width 0.05))
    (fp_line (start 1.48 -0.73) (end 1.48 0.73) (layer "F.CrtYd") (width 0.05))
    (fp_line (start 1.48 0.73) (end -1.48 0.73) (layer "F.CrtYd") (width 0.05))
    (fp_text user "%R" (at 0 0) (layer "F.Fab") hide
      (effects (font (size 0.4 0.4) (thickness 0.06)))
    )
    (pad "2" smd roundrect (at 0.7875 0) (size 0.875 0.95) (layers "F.Cu" "F.Paste" "F.Mask") (roundrect_rratio 0.25)
      (net 10 "Net-(C5-Pad2)"))
    (pad "1" smd roundrect (at -0.7875 0) (size 0.875 0.95) (layers "F.Cu" "F.Paste" "F.Mask") (roundrect_rratio 0.25)
      (net 1 "GND"))
    (model "${KIPRJMOD}/step/C_0603_1608Metric.step"
      (at (xyz 0 0 0))
      (scale (xyz 1 1 1))
      (rotate (xyz 0 0 0))
    )
  )

  (module "footprints:C_0603_1608Metric" (layer "F.Cu") (tedit 5C265307) (tstamp 5F165ACB)
    (at 203.95 105.9 180)
    (descr "Capacitor SMD 0603 (1608 Metric), square (rectangular) end terminal, IPC_7351 nominal, (Body size source: http://www.tortai-tech.com/upload/download/2011102023233369053.pdf), generated with kicad-footprint-generator")
    (tags "capacitor")
    (path "/5DBEDC74")
    (attr smd)
    (fp_text reference "C3" (at -0.6375 1.475 180) (layer "F.SilkS") hide
      (effects (font (size 0.6 0.6) (thickness 0.1)))
    )
    (fp_text value "22u" (at 0 1.43) (layer "F.Fab") hide
      (effects (font (size 0.6 0.6) (thickness 0.1)))
    )
    (fp_line (start -0.8 0.4) (end -0.8 -0.4) (layer "F.Fab") (width 0.1))
    (fp_line (start -0.8 -0.4) (end 0.8 -0.4) (layer "F.Fab") (width 0.1))
    (fp_line (start 0.8 -0.4) (end 0.8 0.4) (layer "F.Fab") (width 0.1))
    (fp_line (start 0.8 0.4) (end -0.8 0.4) (layer "F.Fab") (width 0.1))
    (fp_line (start -0.162779 -0.51) (end 0.162779 -0.51) (layer "F.SilkS") (width 0.12))
    (fp_line (start -0.162779 0.51) (end 0.162779 0.51) (layer "F.SilkS") (width 0.12))
    (fp_line (start -1.48 0.73) (end -1.48 -0.73) (layer "F.CrtYd") (width 0.05))
    (fp_line (start -1.48 -0.73) (end 1.48 -0.73) (layer "F.CrtYd") (width 0.05))
    (fp_line (start 1.48 -0.73) (end 1.48 0.73) (layer "F.CrtYd") (width 0.05))
    (fp_line (start 1.48 0.73) (end -1.48 0.73) (layer "F.CrtYd") (width 0.05))
    (fp_text user "%R" (at 0 0) (layer "F.Fab") hide
      (effects (font (size 0.4 0.4) (thickness 0.06)))
    )
    (pad "2" smd roundrect (at 0.7875 0 180) (size 0.875 0.95) (layers "F.Cu" "F.Paste" "F.Mask") (roundrect_rratio 0.25)
      (net 3 "VDDA"))
    (pad "1" smd roundrect (at -0.7875 0 180) (size 0.875 0.95) (layers "F.Cu" "F.Paste" "F.Mask") (roundrect_rratio 0.25)
      (net 1 "GND"))
    (model "${KIPRJMOD}/step/C_0603_1608Metric.step"
      (at (xyz 0 0 0))
      (scale (xyz 1 1 1))
      (rotate (xyz 0 0 0))
    )
  )

  (module "footprints:C_0603_1608Metric" (layer "F.Cu") (tedit 5C265307) (tstamp 5F165A6B)
    (at 195.91735 105.899999)
    (descr "Capacitor SMD 0603 (1608 Metric), square (rectangular) end terminal, IPC_7351 nominal, (Body size source: http://www.tortai-tech.com/upload/download/2011102023233369053.pdf), generated with kicad-footprint-generator")
    (tags "capacitor")
    (path "/5DBEB0FD")
    (attr smd)
    (fp_text reference "C2" (at -0.6375 1.475 180) (layer "F.SilkS") hide
      (effects (font (size 0.6 0.6) (thickness 0.1)))
    )
    (fp_text value "1u" (at 0 1.43) (layer "F.Fab") hide
      (effects (font (size 0.6 0.6) (thickness 0.1)))
    )
    (fp_line (start -0.8 0.4) (end -0.8 -0.4) (layer "F.Fab") (width 0.1))
    (fp_line (start -0.8 -0.4) (end 0.8 -0.4) (layer "F.Fab") (width 0.1))
    (fp_line (start 0.8 -0.4) (end 0.8 0.4) (layer "F.Fab") (width 0.1))
    (fp_line (start 0.8 0.4) (end -0.8 0.4) (layer "F.Fab") (width 0.1))
    (fp_line (start -0.162779 -0.51) (end 0.162779 -0.51) (layer "F.SilkS") (width 0.12))
    (fp_line (start -0.162779 0.51) (end 0.162779 0.51) (layer "F.SilkS") (width 0.12))
    (fp_line (start -1.48 0.73) (end -1.48 -0.73) (layer "F.CrtYd") (width 0.05))
    (fp_line (start -1.48 -0.73) (end 1.48 -0.73) (layer "F.CrtYd") (width 0.05))
    (fp_line (start 1.48 -0.73) (end 1.48 0.73) (layer "F.CrtYd") (width 0.05))
    (fp_line (start 1.48 0.73) (end -1.48 0.73) (layer "F.CrtYd") (width 0.05))
    (fp_text user "%R" (at 0 0) (layer "F.Fab") hide
      (effects (font (size 0.4 0.4) (thickness 0.06)))
    )
    (pad "2" smd roundrect (at 0.7875 0) (size 0.875 0.95) (layers "F.Cu" "F.Paste" "F.Mask") (roundrect_rratio 0.25)
      (net 2 "+5V"))
    (pad "1" smd roundrect (at -0.7875 0) (size 0.875 0.95) (layers "F.Cu" "F.Paste" "F.Mask") (roundrect_rratio 0.25)
      (net 1 "GND"))
    (model "${KIPRJMOD}/step/C_0603_1608Metric.step"
      (at (xyz 0 0 0))
      (scale (xyz 1 1 1))
      (rotate (xyz 0 0 0))
    )
  )

