(kicad_pcb (version 20200628) (host pcbnew "(5.99.0-2215-gb084305b1)")

  (general
    (thickness 1.6)
    (drawings 15)
    (tracks 129)
    (modules 17)
    (nets 14)
  )

  (paper "A4")
  (layers
    (0 "F.Cu" signal)
    (31 "B.Cu" signal)
    (32 "B.Adhes" user)
    (33 "F.Adhes" user)
    (34 "B.Paste" user)
    (35 "F.Paste" user)
    (36 "B.SilkS" user)
    (37 "F.SilkS" user)
    (38 "B.Mask" user)
    (39 "F.Mask" user)
    (40 "Dwgs.User" user)
    (41 "Cmts.User" user)
    (42 "Eco1.User" user)
    (43 "Eco2.User" user)
    (44 "Edge.Cuts" user)
    (45 "Margin" user)
    (46 "B.CrtYd" user)
    (47 "F.CrtYd" user)
    (48 "B.Fab" user)
    (49 "F.Fab" user)
  )

  (setup
    (stackup
      (layer "F.SilkS" (type "Top Silk Screen"))
      (layer "F.Paste" (type "Top Solder Paste"))
      (layer "F.Mask" (type "Top Solder Mask") (color "Green") (thickness 0.01))
      (layer "F.Cu" (type "copper") (thickness 0.035))
      (layer "dielectric 1" (type "core") (thickness 1.51) (material "FR4") (epsilon_r 4.5) (loss_tangent 0.02))
      (layer "B.Cu" (type "copper") (thickness 0.035))
      (layer "B.Mask" (type "Bottom Solder Mask") (color "Green") (thickness 0.01))
      (layer "B.Paste" (type "Bottom Solder Paste"))
      (layer "B.SilkS" (type "Bottom Silk Screen"))
      (copper_finish "None")
      (dielectric_constraints no)
    )
    (pcbplotparams
      (layerselection 0x010f0_ffffffff)
      (usegerberextensions false)
      (usegerberattributes false)
      (usegerberadvancedattributes false)
      (creategerberjobfile false)
      (svguseinch false)
      (svgprecision 6)
      (excludeedgelayer true)
      (linewidth 0.100000)
      (plotframeref false)
      (viasonmask false)
      (mode 1)
      (useauxorigin false)
      (hpglpennumber 1)
      (hpglpenspeed 20)
      (hpglpendiameter 15.000000)
      (psnegative false)
      (psa4output false)
      (plotreference true)
      (plotvalue false)
      (plotinvisibletext false)
      (sketchpadsonfab false)
      (subtractmaskfromsilk false)
      (outputformat 1)
      (mirror false)
      (drillshape 0)
      (scaleselection 1)
      (outputdirectory "../manufacturing/gerber/")
    )
  )

  (net 0 "")
  (net 1 "GND")
  (net 2 "+5V")
  (net 3 "VDDA")
  (net 4 "-5V")
  (net 5 "VSSA")
  (net 6 "Net-(C8-Pad2)")
  (net 7 "Net-(C8-Pad1)")
  (net 8 "Net-(C17-Pad2)")
  (net 9 "Net-(R8-Pad1)")
  (net 10 "Net-(C5-Pad2)")
  (net 11 "/BIAS")
  (net 12 "Net-(J3-Pad4)")
  (net 13 "Net-(C6-Pad1)")

  (module "footprints:LM2776DBVR" (layer "F.Cu") (tedit 5DBAFB36) (tstamp 00000000-0000-0000-0000-00005f165bc9)
    (at 192.7676 100.3125 180)
    (path "/00000000-0000-0000-0000-00005b259c2e")
    (fp_text reference "U1" (at 0 0) (layer "F.SilkS") hide
      (effects (font (size 1 1) (thickness 0.15)))
    )
    (fp_text value "LM2776" (at 0 0) (layer "F.SilkS") hide
      (effects (font (size 1 1) (thickness 0.15)))
    )
    (fp_text user "*" (at 0 0) (layer "F.Fab")
      (effects (font (size 1 1) (thickness 0.15)))
    )
    (fp_text user "Copyright 2016 Accelerated Designs. All rights reserved." (at 0 0) (layer "Cmts.User")
      (effects (font (size 0.127 0.127) (thickness 0.002)))
    )
    (fp_line (start -0.83 -1.56) (end -1.826212 -1.56) (layer "F.SilkS") (width 0.1524))
    (fp_line (start -0.8001 1.4478) (end 0.8001 1.4478) (layer "F.Fab") (width 0.1524))
    (fp_line (start 0.8001 1.4478) (end 0.8001 -1.4478) (layer "F.Fab") (width 0.1524))
    (fp_line (start 0.8001 -1.4478) (end -0.8001 -1.4478) (layer "F.Fab") (width 0.1524))
    (fp_line (start -0.8001 -1.4478) (end -0.8001 1.4478) (layer "F.Fab") (width 0.1524))
    (fp_line (start -2.1247 1.5088) (end -2.1247 -1.5088) (layer "F.CrtYd") (width 0.1524))
    (fp_line (start -2.1247 -1.5088) (end -1.0541 -1.5088) (layer "F.CrtYd") (width 0.1524))
    (fp_line (start -1.0541 -1.5088) (end -1.0541 -1.7018) (layer "F.CrtYd") (width 0.1524))
    (fp_line (start -1.0541 -1.7018) (end 1.0541 -1.7018) (layer "F.CrtYd") (width 0.1524))
    (fp_line (start 1.0541 -1.7018) (end 1.0541 -1.5088) (layer "F.CrtYd") (width 0.1524))
    (fp_line (start 1.0541 -1.5088) (end 2.1247 -1.5088) (layer "F.CrtYd") (width 0.1524))
    (fp_line (start 2.1247 -1.5088) (end 2.1247 1.5088) (layer "F.CrtYd") (width 0.1524))
    (fp_line (start 2.1247 1.5088) (end 1.0541 1.5088) (layer "F.CrtYd") (width 0.1524))
    (fp_line (start 1.0541 1.5088) (end 1.0541 1.7018) (layer "F.CrtYd") (width 0.1524))
    (fp_line (start 1.0541 1.7018) (end -1.0541 1.7018) (layer "F.CrtYd") (width 0.1524))
    (fp_line (start -1.0541 1.7018) (end -1.0541 1.5088) (layer "F.CrtYd") (width 0.1524))
    (fp_line (start -1.0541 1.5088) (end -2.1247 1.5088) (layer "F.CrtYd") (width 0.1524))
    (fp_arc (start 0 -1.4478) (end 0.3048 -1.4478) (angle 180) (layer "F.Fab") (width 0.1524))
    (fp_circle (center -0.5461 -0.95) (end -0.4699 -0.95) (layer "F.Fab") (width 0.1524))
    (pad "1" smd rect (at -1.35 -0.950001 180) (size 1.0414 0.6096) (layers "F.Cu" "F.Paste" "F.Mask")
      (net 4 "-5V") (tstamp 96d5bcde-816b-4e8b-9ece-1748c53d476f))
    (pad "2" smd rect (at -1.35 0 180) (size 1.0414 0.6096) (layers "F.Cu" "F.Paste" "F.Mask")
      (net 1 "GND") (tstamp 1cbe289f-2189-4f0a-a543-8e835e5813a3))
    (pad "3" smd rect (at -1.35 0.950001 180) (size 1.0414 0.6096) (layers "F.Cu" "F.Paste" "F.Mask")
      (net 2 "+5V") (tstamp bce8d662-7b9b-4ad5-8db1-72a9852e2af2))
    (pad "4" smd rect (at 1.35 0.950001 180) (size 1.0414 0.6096) (layers "F.Cu" "F.Paste" "F.Mask")
      (net 2 "+5V") (tstamp 8d08254f-e48d-4209-9740-4dc04837099a))
    (pad "5" smd rect (at 1.35 0 180) (size 1.0414 0.6096) (layers "F.Cu" "F.Paste" "F.Mask")
      (net 6 "Net-(C8-Pad2)") (tstamp 8be821cb-2e08-4fc7-88c3-16ea4ff3830d))
    (pad "6" smd rect (at 1.35 -0.950001 180) (size 1.0414 0.6096) (layers "F.Cu" "F.Paste" "F.Mask")
      (net 7 "Net-(C8-Pad1)") (tstamp 73705414-5eea-4a28-a262-a265916f8d51))
    (model "${KIPRJMOD}/step/DBV6.step"
      (at (xyz 0 0 0))
      (scale (xyz 1 1 1))
      (rotate (xyz 0 0 0))
    )
  )

  (module "footprints:C_0603_1608Metric" (layer "F.Cu") (tedit 5C265307) (tstamp 00000000-0000-0000-0000-00005f1673ef)
    (at 199.7 98.950001 180)
    (descr "Capacitor SMD 0603 (1608 Metric), square (rectangular) end terminal, IPC_7351 nominal, (Body size source: http://www.tortai-tech.com/upload/download/2011102023233369053.pdf), generated with kicad-footprint-generator")
    (tags "capacitor")
    (path "/00000000-0000-0000-0000-00005f16822a")
    (attr smd)
    (fp_text reference "C6" (at 0.0176 1.0125 180) (layer "F.SilkS")
      (effects (font (size 0.6 0.6) (thickness 0.1)))
    )
    (fp_text value "22u" (at 0 1.43) (layer "F.Fab")
      (effects (font (size 0.6 0.6) (thickness 0.1)))
    )
    (fp_text user "${REFERENCE}" (at 0 0) (layer "F.Fab")
      (effects (font (size 0.4 0.4) (thickness 0.06)))
    )
    (fp_line (start 1.48 0.73) (end -1.48 0.73) (layer "F.CrtYd") (width 0.05))
    (fp_line (start 1.48 -0.73) (end 1.48 0.73) (layer "F.CrtYd") (width 0.05))
    (fp_line (start -1.48 -0.73) (end 1.48 -0.73) (layer "F.CrtYd") (width 0.05))
    (fp_line (start -1.48 0.73) (end -1.48 -0.73) (layer "F.CrtYd") (width 0.05))
    (fp_line (start -0.162779 0.51) (end 0.162779 0.51) (layer "F.SilkS") (width 0.12))
    (fp_line (start -0.162779 -0.51) (end 0.162779 -0.51) (layer "F.SilkS") (width 0.12))
    (fp_line (start 0.8 0.4) (end -0.8 0.4) (layer "F.Fab") (width 0.1))
    (fp_line (start 0.8 -0.4) (end 0.8 0.4) (layer "F.Fab") (width 0.1))
    (fp_line (start -0.8 -0.4) (end 0.8 -0.4) (layer "F.Fab") (width 0.1))
    (fp_line (start -0.8 0.4) (end -0.8 -0.4) (layer "F.Fab") (width 0.1))
    (pad "2" smd roundrect (at 0.7875 0 180) (size 0.875 0.95) (layers "F.Cu" "F.Paste" "F.Mask") (roundrect_rratio 0.25)
      (net 1 "GND") (tstamp 5913ff87-5bd2-4116-93b7-367da1e91bd6))
    (pad "1" smd roundrect (at -0.7875 0 180) (size 0.875 0.95) (layers "F.Cu" "F.Paste" "F.Mask") (roundrect_rratio 0.25)
      (net 13 "Net-(C6-Pad1)") (tstamp 6d9897a0-3566-4ed1-97e4-a5f81230788f))
    (model "${KIPRJMOD}/step/C_0603_1608Metric.step"
      (at (xyz 0 0 0))
      (scale (xyz 1 1 1))
      (rotate (xyz 0 0 0))
    )
  )

  (module "footprints:R_0603_1608Metric" (layer "F.Cu") (tedit 5C2652F1) (tstamp 00000000-0000-0000-0000-00005f16675f)
    (at 204.1 98.200001 180)
    (descr "Resistor SMD 0603 (1608 Metric), square (rectangular) end terminal, IPC_7351 nominal, (Body size source: http://www.tortai-tech.com/upload/download/2011102023233369053.pdf), generated with kicad-footprint-generator")
    (tags "resistor")
    (path "/00000000-0000-0000-0000-00005f16a8d2")
    (attr smd)
    (fp_text reference "R1" (at -0.1 0.95) (layer "F.SilkS")
      (effects (font (size 0.6 0.6) (thickness 0.1)))
    )
    (fp_text value ".5" (at 0 1.43) (layer "F.Fab")
      (effects (font (size 1 1) (thickness 0.15)))
    )
    (fp_line (start -0.8 0.4) (end -0.8 -0.4) (layer "F.Fab") (width 0.1))
    (fp_line (start -0.8 -0.4) (end 0.8 -0.4) (layer "F.Fab") (width 0.1))
    (fp_line (start 0.8 -0.4) (end 0.8 0.4) (layer "F.Fab") (width 0.1))
    (fp_line (start 0.8 0.4) (end -0.8 0.4) (layer "F.Fab") (width 0.1))
    (fp_line (start -0.162779 -0.51) (end 0.162779 -0.51) (layer "F.SilkS") (width 0.12))
    (fp_line (start -0.162779 0.51) (end 0.162779 0.51) (layer "F.SilkS") (width 0.12))
    (fp_line (start -1.48 0.73) (end -1.48 -0.73) (layer "F.CrtYd") (width 0.05))
    (fp_line (start -1.48 -0.73) (end 1.48 -0.73) (layer "F.CrtYd") (width 0.05))
    (fp_line (start 1.48 -0.73) (end 1.48 0.73) (layer "F.CrtYd") (width 0.05))
    (fp_line (start 1.48 0.73) (end -1.48 0.73) (layer "F.CrtYd") (width 0.05))
    (fp_text user "${REFERENCE}" (at 0 0) (layer "F.Fab")
      (effects (font (size 0.4 0.4) (thickness 0.06)))
    )
    (pad "1" smd roundrect (at -0.7875 0 180) (size 0.875 0.95) (layers "F.Cu" "F.Paste" "F.Mask") (roundrect_rratio 0.25)
      (net 5 "VSSA") (tstamp 705bebd2-6fdd-4214-8c67-738652c2b7f9))
    (pad "2" smd roundrect (at 0.7875 0 180) (size 0.875 0.95) (layers "F.Cu" "F.Paste" "F.Mask") (roundrect_rratio 0.25)
      (net 13 "Net-(C6-Pad1)") (tstamp c72bd225-e746-4177-9b23-bbf570f4e4ad))
    (model "${KIPRJMOD}/step/R_0603_1608Metric.step"
      (at (xyz 0 0 0))
      (scale (xyz 1 1 1))
      (rotate (xyz 0 0 0))
    )
  )

  (module "footprints:L_0603_1608Metric" (layer "F.Cu") (tedit 5DB9F043) (tstamp 00000000-0000-0000-0000-00005f16674e)
    (at 203.1676 100.012501 180)
    (descr "Inductor SMD 0603 (1608 Metric), square (rectangular) end terminal, IPC_7351 nominal, (Body size source: http://www.tortai-tech.com/upload/download/2011102023233369053.pdf), generated with kicad-footprint-generator")
    (tags "inductor")
    (path "/00000000-0000-0000-0000-00005dbfef84")
    (attr smd)
    (fp_text reference "L1" (at -0.1 1.2) (layer "F.SilkS")
      (effects (font (size 0.5 0.5) (thickness 0.1)))
    )
    (fp_text value "1uH" (at 0 1.43) (layer "F.Fab")
      (effects (font (size 1 1) (thickness 0.15)))
    )
    (fp_line (start -0.8 0.4) (end -0.8 -0.4) (layer "F.Fab") (width 0.1))
    (fp_line (start -0.8 -0.4) (end 0.8 -0.4) (layer "F.Fab") (width 0.1))
    (fp_line (start 0.8 -0.4) (end 0.8 0.4) (layer "F.Fab") (width 0.1))
    (fp_line (start 0.8 0.4) (end -0.8 0.4) (layer "F.Fab") (width 0.1))
    (fp_line (start -0.162779 -0.51) (end 0.162779 -0.51) (layer "F.SilkS") (width 0.12))
    (fp_line (start -0.162779 0.51) (end 0.162779 0.51) (layer "F.SilkS") (width 0.12))
    (fp_line (start -1.48 0.73) (end -1.48 -0.73) (layer "F.CrtYd") (width 0.05))
    (fp_line (start -1.48 -0.73) (end 1.48 -0.73) (layer "F.CrtYd") (width 0.05))
    (fp_line (start 1.48 -0.73) (end 1.48 0.73) (layer "F.CrtYd") (width 0.05))
    (fp_line (start 1.48 0.73) (end -1.48 0.73) (layer "F.CrtYd") (width 0.05))
    (fp_text user "${REFERENCE}" (at 0 0) (layer "F.Fab")
      (effects (font (size 0.4 0.4) (thickness 0.06)))
    )
    (pad "2" smd roundrect (at 0.7875 0 180) (size 0.875 0.95) (layers "F.Cu" "F.Paste" "F.Mask") (roundrect_rratio 0.25)
      (net 10 "Net-(C5-Pad2)") (tstamp 8b390365-2a62-4a8a-b821-7ada01dee644))
    (pad "1" smd roundrect (at -0.7875 0 180) (size 0.875 0.95) (layers "F.Cu" "F.Paste" "F.Mask") (roundrect_rratio 0.25)
      (net 5 "VSSA") (tstamp 13ae9abd-181c-4c98-aa42-0d3b47d7a126))
    (model "${KIPRJMOD}/step/L_0603_1608Metric.step"
      (at (xyz 0 0 0))
      (scale (xyz 1 1 1))
      (rotate (xyz 0 0 0))
    )
  )

  (module "footprints:C_0603_1608Metric" (layer "F.Cu") (tedit 5C265307) (tstamp 00000000-0000-0000-0000-00005f166697)
    (at 204.0176 102.862501 -90)
    (descr "Capacitor SMD 0603 (1608 Metric), square (rectangular) end terminal, IPC_7351 nominal, (Body size source: http://www.tortai-tech.com/upload/download/2011102023233369053.pdf), generated with kicad-footprint-generator")
    (tags "capacitor")
    (path "/00000000-0000-0000-0000-00005f167bf0")
    (attr smd)
    (fp_text reference "C4" (at -0.6375 1.475 -90) (layer "F.SilkS")
      (effects (font (size 0.6 0.6) (thickness 0.1)))
    )
    (fp_text value "22u" (at 0 1.43 90) (layer "F.Fab")
      (effects (font (size 0.6 0.6) (thickness 0.1)))
    )
    (fp_text user "${REFERENCE}" (at 0 0 90) (layer "F.Fab")
      (effects (font (size 0.4 0.4) (thickness 0.06)))
    )
    (fp_line (start 1.48 0.73) (end -1.48 0.73) (layer "F.CrtYd") (width 0.05))
    (fp_line (start 1.48 -0.73) (end 1.48 0.73) (layer "F.CrtYd") (width 0.05))
    (fp_line (start -1.48 -0.73) (end 1.48 -0.73) (layer "F.CrtYd") (width 0.05))
    (fp_line (start -1.48 0.73) (end -1.48 -0.73) (layer "F.CrtYd") (width 0.05))
    (fp_line (start -0.162779 0.51) (end 0.162779 0.51) (layer "F.SilkS") (width 0.12))
    (fp_line (start -0.162779 -0.51) (end 0.162779 -0.51) (layer "F.SilkS") (width 0.12))
    (fp_line (start 0.8 0.4) (end -0.8 0.4) (layer "F.Fab") (width 0.1))
    (fp_line (start 0.8 -0.4) (end 0.8 0.4) (layer "F.Fab") (width 0.1))
    (fp_line (start -0.8 -0.4) (end 0.8 -0.4) (layer "F.Fab") (width 0.1))
    (fp_line (start -0.8 0.4) (end -0.8 -0.4) (layer "F.Fab") (width 0.1))
    (pad "2" smd roundrect (at 0.7875 0 270) (size 0.875 0.95) (layers "F.Cu" "F.Paste" "F.Mask") (roundrect_rratio 0.25)
      (net 1 "GND") (tstamp 5913ff87-5bd2-4116-93b7-367da1e91bd6))
    (pad "1" smd roundrect (at -0.7875 0 270) (size 0.875 0.95) (layers "F.Cu" "F.Paste" "F.Mask") (roundrect_rratio 0.25)
      (net 5 "VSSA") (tstamp 6d9897a0-3566-4ed1-97e4-a5f81230788f))
    (model "${KIPRJMOD}/step/C_0603_1608Metric.step"
      (at (xyz 0 0 0))
      (scale (xyz 1 1 1))
      (rotate (xyz 0 0 0))
    )
  )

  (module "footprints:TPS79333DBVR" (layer "F.Cu") (tedit 5DBAFB6B) (tstamp 00000000-0000-0000-0000-00005f1659aa)
    (at 198.63495 108.212499)
    (path "/00000000-0000-0000-0000-00005b205a8d")
    (fp_text reference "U5" (at 0 0) (layer "F.SilkS") hide
      (effects (font (size 1 1) (thickness 0.15)))
    )
    (fp_text value "DBV5" (at 0 0) (layer "F.SilkS") hide
      (effects (font (size 1 1) (thickness 0.15)))
    )
    (fp_arc (start 0 -1.524) (end 0.3048 -1.524) (angle 180) (layer "F.Fab") (width 0.1524))
    (fp_line (start 1.1303 1.778) (end -1.1303 1.778) (layer "F.CrtYd") (width 0.1524))
    (fp_line (start 1.1303 1.4834) (end 1.1303 1.778) (layer "F.CrtYd") (width 0.1524))
    (fp_line (start 2.1082 1.4834) (end 1.1303 1.4834) (layer "F.CrtYd") (width 0.1524))
    (fp_line (start 2.1082 -1.4834) (end 2.1082 1.4834) (layer "F.CrtYd") (width 0.1524))
    (fp_line (start 1.1303 -1.4834) (end 2.1082 -1.4834) (layer "F.CrtYd") (width 0.1524))
    (fp_line (start 1.1303 -1.778) (end 1.1303 -1.4834) (layer "F.CrtYd") (width 0.1524))
    (fp_line (start -1.1303 -1.778) (end 1.1303 -1.778) (layer "F.CrtYd") (width 0.1524))
    (fp_line (start -1.1303 -1.4834) (end -1.1303 -1.778) (layer "F.CrtYd") (width 0.1524))
    (fp_line (start -2.1082 -1.4834) (end -1.1303 -1.4834) (layer "F.CrtYd") (width 0.1524))
    (fp_line (start -2.1082 1.4834) (end -2.1082 -1.4834) (layer "F.CrtYd") (width 0.1524))
    (fp_line (start -1.1303 1.4834) (end -2.1082 1.4834) (layer "F.CrtYd") (width 0.1524))
    (fp_line (start -1.1303 1.778) (end -1.1303 1.4834) (layer "F.CrtYd") (width 0.1524))
    (fp_line (start 1.4986 -1.204) (end 0.8763 -1.204) (layer "F.Fab") (width 0.1524))
    (fp_line (start 1.4986 -0.696) (end 1.4986 -1.204) (layer "F.Fab") (width 0.1524))
    (fp_line (start 0.8763 -0.696) (end 1.4986 -0.696) (layer "F.Fab") (width 0.1524))
    (fp_line (start 0.8763 -1.204) (end 0.8763 -0.696) (layer "F.Fab") (width 0.1524))
    (fp_line (start 1.4986 0.696) (end 0.8763 0.696) (layer "F.Fab") (width 0.1524))
    (fp_line (start 1.4986 1.204) (end 1.4986 0.696) (layer "F.Fab") (width 0.1524))
    (fp_line (start 0.8763 1.204) (end 1.4986 1.204) (layer "F.Fab") (width 0.1524))
    (fp_line (start 0.8763 0.696) (end 0.8763 1.204) (layer "F.Fab") (width 0.1524))
    (fp_line (start -1.4986 1.204) (end -0.8763 1.204) (layer "F.Fab") (width 0.1524))
    (fp_line (start -1.4986 0.696) (end -1.4986 1.204) (layer "F.Fab") (width 0.1524))
    (fp_line (start -0.8763 0.696) (end -1.4986 0.696) (layer "F.Fab") (width 0.1524))
    (fp_line (start -0.8763 1.204) (end -0.8763 0.696) (layer "F.Fab") (width 0.1524))
    (fp_line (start -1.4986 0.254) (end -0.8763 0.254) (layer "F.Fab") (width 0.1524))
    (fp_line (start -1.4986 -0.254) (end -1.4986 0.254) (layer "F.Fab") (width 0.1524))
    (fp_line (start -0.8763 -0.254) (end -1.4986 -0.254) (layer "F.Fab") (width 0.1524))
    (fp_line (start -0.8763 0.254) (end -0.8763 -0.254) (layer "F.Fab") (width 0.1524))
    (fp_line (start -1.4986 -0.696) (end -0.8763 -0.696) (layer "F.Fab") (width 0.1524))
    (fp_line (start -1.4986 -1.204) (end -1.4986 -0.696) (layer "F.Fab") (width 0.1524))
    (fp_line (start -0.8763 -1.204) (end -1.4986 -1.204) (layer "F.Fab") (width 0.1524))
    (fp_line (start -0.8763 -0.696) (end -0.8763 -1.204) (layer "F.Fab") (width 0.1524))
    (fp_line (start -0.8763 -1.524) (end -0.8763 1.524) (layer "F.Fab") (width 0.1524))
    (fp_line (start 0.8763 -1.524) (end -0.8763 -1.524) (layer "F.Fab") (width 0.1524))
    (fp_line (start 0.8763 1.524) (end 0.8763 -1.524) (layer "F.Fab") (width 0.1524))
    (fp_line (start -0.8763 1.524) (end 0.8763 1.524) (layer "F.Fab") (width 0.1524))
    (fp_line (start -0.45 -1.6) (end -1.8 -1.6) (layer "F.SilkS") (width 0.1524))
    (fp_line (start 1.0033 0.337861) (end 1.0033 -0.337861) (layer "F.SilkS") (width 0.1524))
    (fp_text user "Copyright 2016 Accelerated Designs. All rights reserved." (at 0 0) (layer "Cmts.User")
      (effects (font (size 0.127 0.127) (thickness 0.002)))
    )
    (pad "1" smd rect (at -1.1176 -0.950001) (size 1.4732 0.5588) (layers "F.Cu" "F.Paste" "F.Mask")
      (net 2 "+5V") (tstamp 6e129944-3a0a-48ff-b994-8ce686243a12))
    (pad "2" smd rect (at -1.1176 0) (size 1.4732 0.5588) (layers "F.Cu" "F.Paste" "F.Mask")
      (net 1 "GND") (tstamp c688ab30-6303-4482-b737-d5ebfc14eab3))
    (pad "3" smd rect (at -1.1176 0.950001) (size 1.4732 0.5588) (layers "F.Cu" "F.Paste" "F.Mask")
      (net 2 "+5V") (tstamp f3a5fd15-dc72-444f-b6fd-06c6174f80cc))
    (pad "4" smd rect (at 1.1176 0.950001) (size 1.4732 0.5588) (layers "F.Cu" "F.Paste" "F.Mask")
      (net 8 "Net-(C17-Pad2)") (tstamp f0e67f44-d145-4f5e-b26d-4a76903e586c))
    (pad "5" smd rect (at 1.1176 -0.950001) (size 1.4732 0.5588) (layers "F.Cu" "F.Paste" "F.Mask")
      (net 3 "VDDA") (tstamp cb875eda-f278-4a38-9928-13f2faae35dd))
    (model "${KIPRJMOD}/step/DBV5.step"
      (at (xyz 0 0 0))
      (scale (xyz 1 1 1))
      (rotate (xyz 0 0 0))
    )
  )

  (module "footprints:TPS72301DBVR" (layer "F.Cu") (tedit 5DBAFB1A) (tstamp 00000000-0000-0000-0000-00005f165c66)
    (at 199.2176 102.625001)
    (path "/00000000-0000-0000-0000-00005b28bace")
    (fp_text reference "U3" (at 0 0) (layer "F.SilkS") hide
      (effects (font (size 1 1) (thickness 0.15)))
    )
    (fp_text value "DBV5" (at 0 0) (layer "F.SilkS") hide
      (effects (font (size 1 1) (thickness 0.15)))
    )
    (fp_arc (start 0 -1.524) (end 0.3048 -1.524) (angle 180) (layer "F.Fab") (width 0.1524))
    (fp_line (start 1.1303 1.778) (end -1.1303 1.778) (layer "F.CrtYd") (width 0.1524))
    (fp_line (start 1.1303 1.4834) (end 1.1303 1.778) (layer "F.CrtYd") (width 0.1524))
    (fp_line (start 2.1082 1.4834) (end 1.1303 1.4834) (layer "F.CrtYd") (width 0.1524))
    (fp_line (start 2.1082 -1.4834) (end 2.1082 1.4834) (layer "F.CrtYd") (width 0.1524))
    (fp_line (start 1.1303 -1.4834) (end 2.1082 -1.4834) (layer "F.CrtYd") (width 0.1524))
    (fp_line (start 1.1303 -1.778) (end 1.1303 -1.4834) (layer "F.CrtYd") (width 0.1524))
    (fp_line (start -1.1303 -1.778) (end 1.1303 -1.778) (layer "F.CrtYd") (width 0.1524))
    (fp_line (start -1.1303 -1.4834) (end -1.1303 -1.778) (layer "F.CrtYd") (width 0.1524))
    (fp_line (start -2.1082 -1.4834) (end -1.1303 -1.4834) (layer "F.CrtYd") (width 0.1524))
    (fp_line (start -2.1082 1.4834) (end -2.1082 -1.4834) (layer "F.CrtYd") (width 0.1524))
    (fp_line (start -1.1303 1.4834) (end -2.1082 1.4834) (layer "F.CrtYd") (width 0.1524))
    (fp_line (start -1.1303 1.778) (end -1.1303 1.4834) (layer "F.CrtYd") (width 0.1524))
    (fp_line (start 1.4986 -1.204) (end 0.8763 -1.204) (layer "F.Fab") (width 0.1524))
    (fp_line (start 1.4986 -0.696) (end 1.4986 -1.204) (layer "F.Fab") (width 0.1524))
    (fp_line (start 0.8763 -0.696) (end 1.4986 -0.696) (layer "F.Fab") (width 0.1524))
    (fp_line (start 0.8763 -1.204) (end 0.8763 -0.696) (layer "F.Fab") (width 0.1524))
    (fp_line (start 1.4986 0.696) (end 0.8763 0.696) (layer "F.Fab") (width 0.1524))
    (fp_line (start 1.4986 1.204) (end 1.4986 0.696) (layer "F.Fab") (width 0.1524))
    (fp_line (start 0.8763 1.204) (end 1.4986 1.204) (layer "F.Fab") (width 0.1524))
    (fp_line (start 0.8763 0.696) (end 0.8763 1.204) (layer "F.Fab") (width 0.1524))
    (fp_line (start -1.4986 1.204) (end -0.8763 1.204) (layer "F.Fab") (width 0.1524))
    (fp_line (start -1.4986 0.696) (end -1.4986 1.204) (layer "F.Fab") (width 0.1524))
    (fp_line (start -0.8763 0.696) (end -1.4986 0.696) (layer "F.Fab") (width 0.1524))
    (fp_line (start -0.8763 1.204) (end -0.8763 0.696) (layer "F.Fab") (width 0.1524))
    (fp_line (start -1.4986 0.254) (end -0.8763 0.254) (layer "F.Fab") (width 0.1524))
    (fp_line (start -1.4986 -0.254) (end -1.4986 0.254) (layer "F.Fab") (width 0.1524))
    (fp_line (start -0.8763 -0.254) (end -1.4986 -0.254) (layer "F.Fab") (width 0.1524))
    (fp_line (start -0.8763 0.254) (end -0.8763 -0.254) (layer "F.Fab") (width 0.1524))
    (fp_line (start -1.4986 -0.696) (end -0.8763 -0.696) (layer "F.Fab") (width 0.1524))
    (fp_line (start -1.4986 -1.204) (end -1.4986 -0.696) (layer "F.Fab") (width 0.1524))
    (fp_line (start -0.8763 -1.204) (end -1.4986 -1.204) (layer "F.Fab") (width 0.1524))
    (fp_line (start -0.8763 -0.696) (end -0.8763 -1.204) (layer "F.Fab") (width 0.1524))
    (fp_line (start -0.8763 -1.524) (end -0.8763 1.524) (layer "F.Fab") (width 0.1524))
    (fp_line (start 0.8763 -1.524) (end -0.8763 -1.524) (layer "F.Fab") (width 0.1524))
    (fp_line (start 0.8763 1.524) (end 0.8763 -1.524) (layer "F.Fab") (width 0.1524))
    (fp_line (start -0.8763 1.524) (end 0.8763 1.524) (layer "F.Fab") (width 0.1524))
    (fp_line (start -0.41 -1.65) (end -1.81 -1.65) (layer "F.SilkS") (width 0.1524))
    (fp_line (start 1.0033 0.337861) (end 1.0033 -0.337861) (layer "F.SilkS") (width 0.1524))
    (fp_text user "*" (at -0.6223 -1.6866) (layer "F.Fab")
      (effects (font (size 1 1) (thickness 0.15)))
    )
    (fp_text user "Copyright 2016 Accelerated Designs. All rights reserved." (at 0 0) (layer "Cmts.User")
      (effects (font (size 0.127 0.127) (thickness 0.002)))
    )
    (pad "5" smd rect (at 1.1176 -0.950001) (size 1.4732 0.5588) (layers "F.Cu" "F.Paste" "F.Mask")
      (net 10 "Net-(C5-Pad2)") (tstamp ec240207-81c9-4d15-a07b-e1d57aa9430f))
    (pad "4" smd rect (at 1.1176 0.950001) (size 1.4732 0.5588) (layers "F.Cu" "F.Paste" "F.Mask")
      (net 9 "Net-(R8-Pad1)") (tstamp a88edf04-a25d-485f-ba95-a2b5a0f5777e))
    (pad "3" smd rect (at -1.1176 0.950001) (size 1.4732 0.5588) (layers "F.Cu" "F.Paste" "F.Mask")
      (net 4 "-5V") (tstamp 6a39ae86-4202-4316-b75c-c834465be48a))
    (pad "2" smd rect (at -1.1176 0) (size 1.4732 0.5588) (layers "F.Cu" "F.Paste" "F.Mask")
      (net 4 "-5V") (tstamp 1c1278a3-c1e0-404c-9875-2f9ac549dae1))
    (pad "1" smd rect (at -1.1176 -0.950001) (size 1.4732 0.5588) (layers "F.Cu" "F.Paste" "F.Mask")
      (net 1 "GND") (tstamp 699c7405-5f42-4f7a-8541-61bd228fee4f))
    (model "${KIPRJMOD}/step/DBV5.step"
      (at (xyz 0 0 0))
      (scale (xyz 1 1 1))
      (rotate (xyz 0 0 0))
    )
  )

  (module "footprints:R_0603_1608Metric" (layer "F.Cu") (tedit 5C2652F1) (tstamp 00000000-0000-0000-0000-00005f165b5b)
    (at 199.5676 105.162501)
    (descr "Resistor SMD 0603 (1608 Metric), square (rectangular) end terminal, IPC_7351 nominal, (Body size source: http://www.tortai-tech.com/upload/download/2011102023233369053.pdf), generated with kicad-footprint-generator")
    (tags "resistor")
    (path "/00000000-0000-0000-0000-00005b21b93f")
    (attr smd)
    (fp_text reference "R9" (at 0 -1.43) (layer "F.SilkS") hide
      (effects (font (size 0.6 0.6) (thickness 0.1)))
    )
    (fp_text value "36.5k" (at 0 1.43) (layer "F.Fab") hide
      (effects (font (size 1 1) (thickness 0.15)))
    )
    (fp_line (start -0.8 0.4) (end -0.8 -0.4) (layer "F.Fab") (width 0.1))
    (fp_line (start -0.8 -0.4) (end 0.8 -0.4) (layer "F.Fab") (width 0.1))
    (fp_line (start 0.8 -0.4) (end 0.8 0.4) (layer "F.Fab") (width 0.1))
    (fp_line (start 0.8 0.4) (end -0.8 0.4) (layer "F.Fab") (width 0.1))
    (fp_line (start -0.162779 -0.51) (end 0.162779 -0.51) (layer "F.SilkS") (width 0.12))
    (fp_line (start -0.162779 0.51) (end 0.162779 0.51) (layer "F.SilkS") (width 0.12))
    (fp_line (start -1.48 0.73) (end -1.48 -0.73) (layer "F.CrtYd") (width 0.05))
    (fp_line (start -1.48 -0.73) (end 1.48 -0.73) (layer "F.CrtYd") (width 0.05))
    (fp_line (start 1.48 -0.73) (end 1.48 0.73) (layer "F.CrtYd") (width 0.05))
    (fp_line (start 1.48 0.73) (end -1.48 0.73) (layer "F.CrtYd") (width 0.05))
    (fp_text user "${REFERENCE}" (at 0 0) (layer "F.Fab") hide
      (effects (font (size 0.4 0.4) (thickness 0.06)))
    )
    (pad "1" smd roundrect (at -0.7875 0) (size 0.875 0.95) (layers "F.Cu" "F.Paste" "F.Mask") (roundrect_rratio 0.25)
      (net 1 "GND") (tstamp 705bebd2-6fdd-4214-8c67-738652c2b7f9))
    (pad "2" smd roundrect (at 0.7875 0) (size 0.875 0.95) (layers "F.Cu" "F.Paste" "F.Mask") (roundrect_rratio 0.25)
      (net 9 "Net-(R8-Pad1)") (tstamp c72bd225-e746-4177-9b23-bbf570f4e4ad))
    (model "${KIPRJMOD}/step/R_0603_1608Metric.step"
      (at (xyz 0 0 0))
      (scale (xyz 1 1 1))
      (rotate (xyz 0 0 0))
    )
  )

  (module "footprints:R_0603_1608Metric" (layer "F.Cu") (tedit 5C2652F1) (tstamp 00000000-0000-0000-0000-00005f165b8b)
    (at 202.3176 102.862501 90)
    (descr "Resistor SMD 0603 (1608 Metric), square (rectangular) end terminal, IPC_7351 nominal, (Body size source: http://www.tortai-tech.com/upload/download/2011102023233369053.pdf), generated with kicad-footprint-generator")
    (tags "resistor")
    (path "/00000000-0000-0000-0000-00005b21abec")
    (attr smd)
    (fp_text reference "R8" (at 0 -1.43 90) (layer "F.SilkS") hide
      (effects (font (size 0.6 0.6) (thickness 0.1)))
    )
    (fp_text value "64.9k" (at 0 1.43 90) (layer "F.Fab") hide
      (effects (font (size 1 1) (thickness 0.15)))
    )
    (fp_line (start -0.8 0.4) (end -0.8 -0.4) (layer "F.Fab") (width 0.1))
    (fp_line (start -0.8 -0.4) (end 0.8 -0.4) (layer "F.Fab") (width 0.1))
    (fp_line (start 0.8 -0.4) (end 0.8 0.4) (layer "F.Fab") (width 0.1))
    (fp_line (start 0.8 0.4) (end -0.8 0.4) (layer "F.Fab") (width 0.1))
    (fp_line (start -0.162779 -0.51) (end 0.162779 -0.51) (layer "F.SilkS") (width 0.12))
    (fp_line (start -0.162779 0.51) (end 0.162779 0.51) (layer "F.SilkS") (width 0.12))
    (fp_line (start -1.48 0.73) (end -1.48 -0.73) (layer "F.CrtYd") (width 0.05))
    (fp_line (start -1.48 -0.73) (end 1.48 -0.73) (layer "F.CrtYd") (width 0.05))
    (fp_line (start 1.48 -0.73) (end 1.48 0.73) (layer "F.CrtYd") (width 0.05))
    (fp_line (start 1.48 0.73) (end -1.48 0.73) (layer "F.CrtYd") (width 0.05))
    (fp_text user "${REFERENCE}" (at 0 0 90) (layer "F.Fab") hide
      (effects (font (size 0.4 0.4) (thickness 0.06)))
    )
    (pad "1" smd roundrect (at -0.7875 0 90) (size 0.875 0.95) (layers "F.Cu" "F.Paste" "F.Mask") (roundrect_rratio 0.25)
      (net 9 "Net-(R8-Pad1)") (tstamp 705bebd2-6fdd-4214-8c67-738652c2b7f9))
    (pad "2" smd roundrect (at 0.7875 0 90) (size 0.875 0.95) (layers "F.Cu" "F.Paste" "F.Mask") (roundrect_rratio 0.25)
      (net 10 "Net-(C5-Pad2)") (tstamp c72bd225-e746-4177-9b23-bbf570f4e4ad))
    (model "${KIPRJMOD}/step/R_0603_1608Metric.step"
      (at (xyz 0 0 0))
      (scale (xyz 1 1 1))
      (rotate (xyz 0 0 0))
    )
  )

  (module "footprints:C_0603_1608Metric" (layer "F.Cu") (tedit 5C265307) (tstamp 00000000-0000-0000-0000-00005f16595a)
    (at 201.58495 110.012499 90)
    (descr "Capacitor SMD 0603 (1608 Metric), square (rectangular) end terminal, IPC_7351 nominal, (Body size source: http://www.tortai-tech.com/upload/download/2011102023233369053.pdf), generated with kicad-footprint-generator")
    (tags "capacitor")
    (path "/00000000-0000-0000-0000-00005b205f7b")
    (attr smd)
    (fp_text reference "C17" (at -0.6375 1.475 270) (layer "F.SilkS") hide
      (effects (font (size 0.6 0.6) (thickness 0.1)))
    )
    (fp_text value "10n" (at 0 1.43 90) (layer "F.Fab") hide
      (effects (font (size 0.6 0.6) (thickness 0.1)))
    )
    (fp_text user "${REFERENCE}" (at 0 0 90) (layer "F.Fab") hide
      (effects (font (size 0.4 0.4) (thickness 0.06)))
    )
    (fp_line (start 1.48 0.73) (end -1.48 0.73) (layer "F.CrtYd") (width 0.05))
    (fp_line (start 1.48 -0.73) (end 1.48 0.73) (layer "F.CrtYd") (width 0.05))
    (fp_line (start -1.48 -0.73) (end 1.48 -0.73) (layer "F.CrtYd") (width 0.05))
    (fp_line (start -1.48 0.73) (end -1.48 -0.73) (layer "F.CrtYd") (width 0.05))
    (fp_line (start -0.162779 0.51) (end 0.162779 0.51) (layer "F.SilkS") (width 0.12))
    (fp_line (start -0.162779 -0.51) (end 0.162779 -0.51) (layer "F.SilkS") (width 0.12))
    (fp_line (start 0.8 0.4) (end -0.8 0.4) (layer "F.Fab") (width 0.1))
    (fp_line (start 0.8 -0.4) (end 0.8 0.4) (layer "F.Fab") (width 0.1))
    (fp_line (start -0.8 -0.4) (end 0.8 -0.4) (layer "F.Fab") (width 0.1))
    (fp_line (start -0.8 0.4) (end -0.8 -0.4) (layer "F.Fab") (width 0.1))
    (pad "2" smd roundrect (at 0.7875 0 90) (size 0.875 0.95) (layers "F.Cu" "F.Paste" "F.Mask") (roundrect_rratio 0.25)
      (net 8 "Net-(C17-Pad2)") (tstamp 5913ff87-5bd2-4116-93b7-367da1e91bd6))
    (pad "1" smd roundrect (at -0.7875 0 90) (size 0.875 0.95) (layers "F.Cu" "F.Paste" "F.Mask") (roundrect_rratio 0.25)
      (net 1 "GND") (tstamp 6d9897a0-3566-4ed1-97e4-a5f81230788f))
    (model "${KIPRJMOD}/step/C_0603_1608Metric.step"
      (at (xyz 0 0 0))
      (scale (xyz 1 1 1))
      (rotate (xyz 0 0 0))
    )
  )

  (module "footprints:C_0603_1608Metric" (layer "F.Cu") (tedit 5C265307) (tstamp 00000000-0000-0000-0000-00005f165b2b)
    (at 195.8946 101.607501 -90)
    (descr "Capacitor SMD 0603 (1608 Metric), square (rectangular) end terminal, IPC_7351 nominal, (Body size source: http://www.tortai-tech.com/upload/download/2011102023233369053.pdf), generated with kicad-footprint-generator")
    (tags "capacitor")
    (path "/00000000-0000-0000-0000-00005b25becc")
    (attr smd)
    (fp_text reference "C15" (at -0.6375 1.475 -90) (layer "F.SilkS") hide
      (effects (font (size 0.6 0.6) (thickness 0.1)))
    )
    (fp_text value "22u" (at 0 1.43 90) (layer "F.Fab") hide
      (effects (font (size 0.6 0.6) (thickness 0.1)))
    )
    (fp_text user "${REFERENCE}" (at 0 0 90) (layer "F.Fab") hide
      (effects (font (size 0.4 0.4) (thickness 0.06)))
    )
    (fp_line (start 1.48 0.73) (end -1.48 0.73) (layer "F.CrtYd") (width 0.05))
    (fp_line (start 1.48 -0.73) (end 1.48 0.73) (layer "F.CrtYd") (width 0.05))
    (fp_line (start -1.48 -0.73) (end 1.48 -0.73) (layer "F.CrtYd") (width 0.05))
    (fp_line (start -1.48 0.73) (end -1.48 -0.73) (layer "F.CrtYd") (width 0.05))
    (fp_line (start -0.162779 0.51) (end 0.162779 0.51) (layer "F.SilkS") (width 0.12))
    (fp_line (start -0.162779 -0.51) (end 0.162779 -0.51) (layer "F.SilkS") (width 0.12))
    (fp_line (start 0.8 0.4) (end -0.8 0.4) (layer "F.Fab") (width 0.1))
    (fp_line (start 0.8 -0.4) (end 0.8 0.4) (layer "F.Fab") (width 0.1))
    (fp_line (start -0.8 -0.4) (end 0.8 -0.4) (layer "F.Fab") (width 0.1))
    (fp_line (start -0.8 0.4) (end -0.8 -0.4) (layer "F.Fab") (width 0.1))
    (pad "2" smd roundrect (at 0.7875 0 270) (size 0.875 0.95) (layers "F.Cu" "F.Paste" "F.Mask") (roundrect_rratio 0.25)
      (net 4 "-5V") (tstamp 5913ff87-5bd2-4116-93b7-367da1e91bd6))
    (pad "1" smd roundrect (at -0.7875 0 270) (size 0.875 0.95) (layers "F.Cu" "F.Paste" "F.Mask") (roundrect_rratio 0.25)
      (net 1 "GND") (tstamp 6d9897a0-3566-4ed1-97e4-a5f81230788f))
    (model "${KIPRJMOD}/step/C_0603_1608Metric.step"
      (at (xyz 0 0 0))
      (scale (xyz 1 1 1))
      (rotate (xyz 0 0 0))
    )
  )

  (module "footprints:C_0603_1608Metric" (layer "F.Cu") (tedit 5C265307) (tstamp 00000000-0000-0000-0000-00005f165afb)
    (at 189.9 100.718501 90)
    (descr "Capacitor SMD 0603 (1608 Metric), square (rectangular) end terminal, IPC_7351 nominal, (Body size source: http://www.tortai-tech.com/upload/download/2011102023233369053.pdf), generated with kicad-footprint-generator")
    (tags "capacitor")
    (path "/00000000-0000-0000-0000-00005b25dcdb")
    (attr smd)
    (fp_text reference "C8" (at -0.6375 1.475 -90) (layer "F.SilkS") hide
      (effects (font (size 0.6 0.6) (thickness 0.1)))
    )
    (fp_text value "1uF" (at 0 1.43 90) (layer "F.Fab") hide
      (effects (font (size 0.6 0.6) (thickness 0.1)))
    )
    (fp_text user "${REFERENCE}" (at 0 0 90) (layer "F.Fab") hide
      (effects (font (size 0.4 0.4) (thickness 0.06)))
    )
    (fp_line (start 1.48 0.73) (end -1.48 0.73) (layer "F.CrtYd") (width 0.05))
    (fp_line (start 1.48 -0.73) (end 1.48 0.73) (layer "F.CrtYd") (width 0.05))
    (fp_line (start -1.48 -0.73) (end 1.48 -0.73) (layer "F.CrtYd") (width 0.05))
    (fp_line (start -1.48 0.73) (end -1.48 -0.73) (layer "F.CrtYd") (width 0.05))
    (fp_line (start -0.162779 0.51) (end 0.162779 0.51) (layer "F.SilkS") (width 0.12))
    (fp_line (start -0.162779 -0.51) (end 0.162779 -0.51) (layer "F.SilkS") (width 0.12))
    (fp_line (start 0.8 0.4) (end -0.8 0.4) (layer "F.Fab") (width 0.1))
    (fp_line (start 0.8 -0.4) (end 0.8 0.4) (layer "F.Fab") (width 0.1))
    (fp_line (start -0.8 -0.4) (end 0.8 -0.4) (layer "F.Fab") (width 0.1))
    (fp_line (start -0.8 0.4) (end -0.8 -0.4) (layer "F.Fab") (width 0.1))
    (pad "2" smd roundrect (at 0.7875 0 90) (size 0.875 0.95) (layers "F.Cu" "F.Paste" "F.Mask") (roundrect_rratio 0.25)
      (net 6 "Net-(C8-Pad2)") (tstamp 5913ff87-5bd2-4116-93b7-367da1e91bd6))
    (pad "1" smd roundrect (at -0.7875 0 90) (size 0.875 0.95) (layers "F.Cu" "F.Paste" "F.Mask") (roundrect_rratio 0.25)
      (net 7 "Net-(C8-Pad1)") (tstamp 6d9897a0-3566-4ed1-97e4-a5f81230788f))
    (model "${KIPRJMOD}/step/C_0603_1608Metric.step"
      (at (xyz 0 0 0))
      (scale (xyz 1 1 1))
      (rotate (xyz 0 0 0))
    )
  )

  (module "footprints:C_0603_1608Metric" (layer "F.Cu") (tedit 5C265307) (tstamp 00000000-0000-0000-0000-00005f165c15)
    (at 199.689 100.337501)
    (descr "Capacitor SMD 0603 (1608 Metric), square (rectangular) end terminal, IPC_7351 nominal, (Body size source: http://www.tortai-tech.com/upload/download/2011102023233369053.pdf), generated with kicad-footprint-generator")
    (tags "capacitor")
    (path "/00000000-0000-0000-0000-00005dbf5b3f")
    (attr smd)
    (fp_text reference "C5" (at -0.6375 1.475 -180) (layer "F.SilkS") hide
      (effects (font (size 0.6 0.6) (thickness 0.1)))
    )
    (fp_text value "22u" (at 0 1.43) (layer "F.Fab") hide
      (effects (font (size 0.6 0.6) (thickness 0.1)))
    )
    (fp_text user "${REFERENCE}" (at 0 0) (layer "F.Fab") hide
      (effects (font (size 0.4 0.4) (thickness 0.06)))
    )
    (fp_line (start 1.48 0.73) (end -1.48 0.73) (layer "F.CrtYd") (width 0.05))
    (fp_line (start 1.48 -0.73) (end 1.48 0.73) (layer "F.CrtYd") (width 0.05))
    (fp_line (start -1.48 -0.73) (end 1.48 -0.73) (layer "F.CrtYd") (width 0.05))
    (fp_line (start -1.48 0.73) (end -1.48 -0.73) (layer "F.CrtYd") (width 0.05))
    (fp_line (start -0.162779 0.51) (end 0.162779 0.51) (layer "F.SilkS") (width 0.12))
    (fp_line (start -0.162779 -0.51) (end 0.162779 -0.51) (layer "F.SilkS") (width 0.12))
    (fp_line (start 0.8 0.4) (end -0.8 0.4) (layer "F.Fab") (width 0.1))
    (fp_line (start 0.8 -0.4) (end 0.8 0.4) (layer "F.Fab") (width 0.1))
    (fp_line (start -0.8 -0.4) (end 0.8 -0.4) (layer "F.Fab") (width 0.1))
    (fp_line (start -0.8 0.4) (end -0.8 -0.4) (layer "F.Fab") (width 0.1))
    (pad "2" smd roundrect (at 0.7875 0) (size 0.875 0.95) (layers "F.Cu" "F.Paste" "F.Mask") (roundrect_rratio 0.25)
      (net 10 "Net-(C5-Pad2)") (tstamp 5913ff87-5bd2-4116-93b7-367da1e91bd6))
    (pad "1" smd roundrect (at -0.7875 0) (size 0.875 0.95) (layers "F.Cu" "F.Paste" "F.Mask") (roundrect_rratio 0.25)
      (net 1 "GND") (tstamp 6d9897a0-3566-4ed1-97e4-a5f81230788f))
    (model "${KIPRJMOD}/step/C_0603_1608Metric.step"
      (at (xyz 0 0 0))
      (scale (xyz 1 1 1))
      (rotate (xyz 0 0 0))
    )
  )

  (module "footprints:C_0603_1608Metric" (layer "F.Cu") (tedit 5C265307) (tstamp 00000000-0000-0000-0000-00005f165acb)
    (at 202.8176 107.2625 180)
    (descr "Capacitor SMD 0603 (1608 Metric), square (rectangular) end terminal, IPC_7351 nominal, (Body size source: http://www.tortai-tech.com/upload/download/2011102023233369053.pdf), generated with kicad-footprint-generator")
    (tags "capacitor")
    (path "/00000000-0000-0000-0000-00005dbedc74")
    (attr smd)
    (fp_text reference "C3" (at -0.6375 1.475 180) (layer "F.SilkS") hide
      (effects (font (size 0.6 0.6) (thickness 0.1)))
    )
    (fp_text value "22u" (at 0 1.43) (layer "F.Fab") hide
      (effects (font (size 0.6 0.6) (thickness 0.1)))
    )
    (fp_text user "${REFERENCE}" (at 0 0) (layer "F.Fab") hide
      (effects (font (size 0.4 0.4) (thickness 0.06)))
    )
    (fp_line (start 1.48 0.73) (end -1.48 0.73) (layer "F.CrtYd") (width 0.05))
    (fp_line (start 1.48 -0.73) (end 1.48 0.73) (layer "F.CrtYd") (width 0.05))
    (fp_line (start -1.48 -0.73) (end 1.48 -0.73) (layer "F.CrtYd") (width 0.05))
    (fp_line (start -1.48 0.73) (end -1.48 -0.73) (layer "F.CrtYd") (width 0.05))
    (fp_line (start -0.162779 0.51) (end 0.162779 0.51) (layer "F.SilkS") (width 0.12))
    (fp_line (start -0.162779 -0.51) (end 0.162779 -0.51) (layer "F.SilkS") (width 0.12))
    (fp_line (start 0.8 0.4) (end -0.8 0.4) (layer "F.Fab") (width 0.1))
    (fp_line (start 0.8 -0.4) (end 0.8 0.4) (layer "F.Fab") (width 0.1))
    (fp_line (start -0.8 -0.4) (end 0.8 -0.4) (layer "F.Fab") (width 0.1))
    (fp_line (start -0.8 0.4) (end -0.8 -0.4) (layer "F.Fab") (width 0.1))
    (pad "2" smd roundrect (at 0.7875 0 180) (size 0.875 0.95) (layers "F.Cu" "F.Paste" "F.Mask") (roundrect_rratio 0.25)
      (net 3 "VDDA") (tstamp 5913ff87-5bd2-4116-93b7-367da1e91bd6))
    (pad "1" smd roundrect (at -0.7875 0 180) (size 0.875 0.95) (layers "F.Cu" "F.Paste" "F.Mask") (roundrect_rratio 0.25)
      (net 1 "GND") (tstamp 6d9897a0-3566-4ed1-97e4-a5f81230788f))
    (model "${KIPRJMOD}/step/C_0603_1608Metric.step"
      (at (xyz 0 0 0))
      (scale (xyz 1 1 1))
